"NT_RKO.rank"	"NT_COL.rank"	"AraC.rank"	"HU.rank"	"Aph.rank"
"A1BG"	408	771	499	371	41
"A1CF"	1157	678	435	955	1063
"A2M"	660	1451	1473	888	1470
"A2ML1"	538	895	714	1293	324
"A3GALT2"	1176	265	924	382	1363
"A4GALT"	439	459	427	281	368
"A4GNT"	350	134	146	565	1135
"AAAS"	1144	586	1319	891	884
"AACS"	20	11	2	938	111
"AADAC"	286	753	280	551	784
"AADACL2"	346	1418	1115	1050	293
"AADACL3"	972	406	1497	1215	1230
"AADACL4"	1299	665	1389	1028	417
"AADAT"	1029	1105	377	493	264
"AAED1"	627	546	851	589	733
"AAGAB"	467	1080	786	557	282
"AAK1"	1189	1398	94	730	353
"AAMDC"	1028	972	732	1443	1098
"AAMP"	997	628	47	1368	1324
"AANAT"	357	1200	1041	118	771
"AAR2"	1487	918	923	381	319
"AARD"	1086	567	636	1278	163
"AARS"	479	747	100	519	27
"AARS2"	628	1363	779	909	462
"AARSD1"	753	943	872	665	329
"AASDH"	159	1430	134	141	538
"AASDHPPT"	620	1098	274	958	361
"AASS"	353	1086	487	460	273
"AATF"	1328	1269	938	1480	1382
"AATK"	297	916	188	452	996
"ABAT"	1482	405	638	1241	933
"ABCA1"	1386	446	70	473	1442
"ABCA10"	908	1222	1024	783	1465
"ABCA12"	648	80	649	1070	1103
"ABCA13"	925	1390	34	465	1484
"ABCA2"	67	127	108	664	636
"ABCA3"	37	479	86	25	247
"ABCA4"	1225	980	1474	387	709
"ABCA5"	1008	595	1470	140	1496
"ABCA6"	516	768	497	385	885
"ABCA7"	1282	1136	771	1176	326
"ABCA8"	993	956	1445	303	501
"ABCA9"	231	361	1054	802	1056
"ABCB1"	1385	627	61	176	145
"ABCB10"	69	74	67	520	499
"ABCB11"	672	205	538	661	346
"ABCB4"	1366	451	195	479	330
"ABCB5"	897	683	116	76	52
"ABCB6"	837	824	821	644	242
"ABCB7"	226	1356	876	527	1284
"ABCB8"	1476	485	403	170	234
"ABCB9"	379	302	630	1336	829
"ABCC1"	381	1466	818	894	770
"ABCC10"	582	1115	1187	584	843
"ABCC11"	1356	1129	623	843	1238
"ABCC12"	374	208	813	1134	1075
"ABCC2"	470	594	369	522	549
"ABCC3"	742	135	887	40	25
"ABCC4"	902	1055	405	801	1003
"ABCC5"	1015	1078	739	1077	802
"ABCC6"	189	1150	349	492	1352
"ABCC8"	116	703	592	42	1414
"ABCC9"	30	25	215	1384	1154
"ABCD1"	564	272	896	340	967
"ABCD2"	1030	535	1158	1143	49
"ABCD3"	530	853	345	1138	1359
"ABCD4"	512	247	328	918	168
"ABCE1"	1338	543	858	637	719
"ABCF1"	1247	84	1323	1249	286
"ABCF2"	170	1351	33	1303	941
"ABCF3"	642	934	1023	967	89
"ABCG1"	1280	526	1478	542	1089
"ABCG2"	1448	1362	1396	1220	1315
"ABCG4"	438	889	237	246	1329
"ABCG5"	293	630	572	721	806
"ABCG8"	324	436	1132	581	1461
"ABHD1"	83	45	130	162	1200
"ABHD10"	1082	1128	248	108	1317
"ABHD11"	693	1180	336	1216	1450
"ABHD12"	807	624	506	1079	1270
"ABHD12B"	1134	1184	1107	1331	979
"ABHD13"	315	371	80	98	825
"ABHD14A"	531	95	1160	1099	708
"ABHD14B"	1425	264	431	413	694
"ABHD15"	1233	490	681	687	1356
"ABHD16A"	145	1446	132	485	640
"ABHD16B"	240	929	149	47	840
"ABHD17A"	1103	430	820	1062	283
"ABHD17B"	764	621	1184	890	1110
"ABHD17C"	225	255	942	221	172
"ABHD2"	1361	568	755	1447	1148
"ABHD3"	508	1427	42	106	1174
"ABHD4"	186	358	926	618	690
"ABHD5"	553	1499	680	123	1266
"ABHD6"	613	317	492	1027	428
"ABHD8"	1441	806	1350	1016	269
"ABI1"	1226	56	342	1493	498
"ABI2"	797	1491	982	392	899
"ABI3"	181	593	1139	799	610
"ABI3BP"	1033	591	1015	1498	1032
"ABL1"	1314	207	648	1291	1142
"ABL2"	1023	766	886	1442	398
"ABLIM1"	926	702	728	1158	675
"ABLIM2"	1378	599	375	1183	16
"ABLIM3"	1449	1235	1232	1048	1269
"ABR"	1149	305	1367	231	785
"ABRA"	275	578	260	822	1115
"ABRACL"	25	88	1108	1473	252
"ABT1"	110	101	199	708	1393
"ABTB1"	811	1352	564	764	963
"ABTB2"	768	914	653	405	937
"AC007040.11"	1062	718	337	1211	858
"AC007431.1"	1418	1262	1281	33	458
"AC009892.10"	375	1391	907	790	356
"AC016722.1"	967	1488	631	197	637
"AC016757.3"	157	20	906	1094	193
"AC018755.1"	1142	85	584	784	1211
"AC079612.1"	1287	1433	1061	1326	1482
"AC091801.1"	42	105	371	1348	1380
"AC093802.1"	1163	1264	300	954	561
"AC106876.2"	456	34	28	746	238
"ACAA1"	629	596	485	430	253
"ACAA2"	1138	681	914	605	741
"ACACA"	567	923	56	463	852
"ACACB"	884	23	279	49	67
"ACAD10"	771	921	1290	1198	278
"ACAD11"	1354	484	527	213	839
"ACAD8"	776	746	1212	459	683
"ACAD9"	184	708	915	388	739
"ACADL"	1188	102	581	1294	426
"ACADM"	859	530	286	136	504
"ACADS"	322	168	266	1109	1138
"ACADSB"	1162	1348	910	194	788
"ACADVL"	197	880	789	796	164
"ACAN"	501	369	1222	962	476
"ACAP1"	1097	147	221	225	63
"ACAP2"	1022	826	1348	1123	1492
"ACAP3"	576	900	268	562	1208
"ACAT1"	600	395	66	908	125
"ACAT2"	320	1271	536	1485	327
"ACBD3"	721	919	520	411	989
"ACBD4"	841	1486	981	1060	958
"ACBD5"	1070	1201	1316	29	568
"ACBD6"	591	672	600	941	579
"ACBD7"	683	209	45	1394	1197
"ACCS"	57	658	165	614	237
"ACCSL"	210	1198	1059	698	1121
"ACD"	436	235	709	241	572
"ACE"	820	520	929	1419	195
"ACE2"	250	1043	501	55	437
"ACER1"	270	906	594	1097	976
"ACER2"	1393	685	257	441	517
"ACER3"	963	53	106	145	103
"ACHE"	1430	580	1308	350	243
"ACIN1"	208	462	410	278	803
"ACKR2"	729	1170	409	631	1279
"ACKR3"	1177	407	591	704	833
"ACKR4"	1231	587	859	1088	1280
"ACLY"	1173	692	114	24	97
"ACMSD"	914	1268	720	697	608
"ACN9"	733	408	1255	1284	420
"ACO1"	1422	663	200	151	213
"ACO2"	44	609	416	318	486
"ACOT11"	214	182	190	274	348
"ACOT12"	592	42	36	39	71
"ACOT13"	227	1305	332	667	258
"ACOT2"	947	833	1321	781	1422
"ACOT4"	767	629	980	1161	136
"ACOT6"	1222	221	988	641	881
"ACOT7"	1053	89	208	1108	146
"ACOT8"	589	33	112	809	1107
"ACOT9"	239	1343	291	511	300
"ACOX1"	1057	169	238	1032	1294
"ACOX2"	664	1483	1185	34	1044
"ACOX3"	449	745	530	686	582
"ACOXL"	34	1159	21	1186	128
"ACP1"	163	267	366	871	702
"ACP2"	1169	1361	446	1026	1304
"ACP5"	570	527	357	1022	1069
"ACP6"	1485	108	1098	1479	557
"ACPL2"	650	316	1159	263	141
"ACPP"	942	572	1141	875	1440
"ACPT"	1072	699	931	883	58
"ACR"	316	1213	518	706	951
"ACRBP"	380	61	1495	428	1493
"ACRC"	1100	777	317	1244	337
"ACRV1"	763	969	1146	966	1389
"ACSBG1"	103	1437	1014	1298	742
"ACSBG2"	1221	1181	651	939	194
"ACSF2"	3	993	4	2	53
"ACSF3"	183	1172	450	462	339
"ACSL1"	1204	638	1033	1477	1253
"ACSL3"	195	1313	58	1019	289
"ACSL4"	459	1473	568	501	837
"ACSL5"	156	1032	217	526	413
"ACSL6"	679	795	775	973	298
"ACSM1"	1440	816	516	219	169
"ACSM2A"	632	867	1169	688	1241
"ACSM2B"	90	973	838	449	824
"ACSM3"	76	901	522	553	531
"ACSM4"	98	44	460	144	85
"ACSM5"	80	1142	590	284	1265
"ACSS1"	826	1420	71	596	548
"ACSS2"	1480	1355	925	819	1489
"ACSS3"	809	327	766	389	876
"ACTA1"	358	554	138	1416	505
"ACTA2"	107	950	777	1093	1322
"ACTB"	480	473	580	1449	115
"ACTBL2"	878	1044	370	816	753
"ACTC1"	280	1374	1202	552	1055
"ACTG1"	154	179	322	1404	1215
"ACTG2"	1336	476	801	498	1360
"ACTL10"	1239	937	950	233	907
"ACTL6A"	51	1429	852	1285	279
"ACTL6B"	870	852	192	1292	153
"ACTL7A"	697	566	1079	180	443
"ACTL7B"	1179	809	1196	436	772
"ACTL8"	1286	151	1340	1044	1040
"ACTL9"	481	749	1231	421	1371
"ACTN1"	1191	227	1093	1105	799
"ACTN2"	617	400	1038	177	1311
"ACTN4"	77	560	548	757	24
"ACTR10"	590	196	275	60	484
"ACTR1A"	791	716	737	968	1453
"ACTR1B"	410	1076	1066	960	1318
"ACTR2"	1457	690	810	198	208
"ACTR3"	492	759	611	702	226
"ACTR3B"	416	1255	707	1042	452
"ACTR3C"	142	150	15	6	37
"ACTR5"	851	1279	990	1401	609
"ACTR6"	1040	764	853	762	434
"ACTR8"	289	1015	686	287	638
"ACTRT1"	431	349	462	1166	936
"ACTRT2"	294	564	127	1055	487
"ACTRT3"	1274	540	76	160	1127
"ACVR1"	1281	1040	122	90	369
"ACVR1B"	788	1465	683	620	965
"ACVR1C"	179	1367	1458	1290	1388
"ACVR2A"	314	516	1124	347	1345
"ACVR2B"	326	1294	679	1236	532
"ACVRL1"	622	670	404	1315	1071
"ACY1"	1469	1314	315	232	625
"ACY3"	640	671	854	1091	1281
"ACYP1"	162	386	940	208	299
"ACYP2"	1431	555	1325	1440	727
"ADA"	1407	721	1194	983	181
"ADAD1"	385	287	935	1080	1392
"ADAD2"	555	996	619	1337	912
"ADAL"	709	440	1443	1305	1301
"ADAM10"	919	590	1055	1451	1082
"ADAM11"	1155	651	1012	264	418
"ADAM12"	1383	966	1373	914	584
"ADAM15"	242	589	1218	759	630
"ADAM17"	344	970	177	22	978
"ADAM18"	875	1063	966	155	292
"ADAM19"	263	1477	560	1445	514
"ADAM2"	1235	776	1114	152	1097
"ADAM20"	973	1281	236	238	845
"ADAM21"	494	866	495	1302	190
"ADAM22"	440	1232	1269	1450	266
"ADAM23"	674	191	1097	1355	981
"ADAM28"	75	1464	1046	1287	789
"ADAM29"	1139	345	627	965	850
"ADAM30"	982	1485	848	981	444
"ADAM32"	825	239	1226	608	686
"ADAM33"	1009	226	463	412	956
"ADAM7"	452	1277	677	832	1446
"ADAM8"	1183	931	855	444	1486
"ADAM9"	1026	822	1040	1229	1485
"ADAMDEC1"	644	689	678	1058	1313
"ADAMTS1"	573	1380	1298	235	349
"ADAMTS10"	656	1266	411	766	887
"ADAMTS12"	572	70	583	1276	924
"ADAMTS13"	363	524	219	43	1326
"ADAMTS14"	1135	1328	794	223	1390
"ADAMTS15"	724	967	1076	470	644
"ADAMTS16"	489	331	20	273	113
"ADAMTS17"	1079	47	1096	1456	304
"ADAMTS18"	1316	1457	1375	679	156
"ADAMTS19"	161	1118	1200	1297	1312
"ADAMTS2"	1421	679	644	1049	438
"ADAMTS20"	388	261	844	142	186
"ADAMTS3"	1237	434	121	488	255
"ADAMTS4"	1004	1422	1027	1002	745
"ADAMTS5"	400	939	1409	628	622
"ADAMTS7"	1219	1014	563	1385	1038
"ADAMTS8"	1001	1325	341	1366	914
"ADAMTS9"	535	1388	29	46	11
"ADAMTSL1"	1497	983	549	477	232
"ADAMTSL2"	1308	704	875	260	51
"ADAMTSL3"	104	1413	393	1147	1047
"ADAMTSL4"	53	1048	787	1386	816
"ADAMTSL4-AS1"	387	696	468	940	135
"ADAMTSL5"	1288	275	595	153	1283
"ADAP1"	879	922	1482	583	485
"ADAP2"	863	51	698	956	542
"ADAR"	365	132	52	682	84
"ADARB1"	1044	1320	1074	1087	1335
"ADARB2"	497	654	169	577	1220
"ADAT1"	549	1500	735	214	805
"ADAT2"	611	792	616	1001	800
"ADAT3"	819	1061	1088	1011	795
"ADC"	1122	536	158	1005	1327
"ADCK1"	55	1289	994	81	1012
"ADCK2"	708	640	1238	372	1085
"ADCK3"	336	215	477	1347	711
"ADCK4"	265	891	419	982	284
"ADCK5"	40	897	575	495	740
"ADCY1"	277	819	902	1119	616
"ADCY10"	13	131	643	319	373
"ADCY2"	737	1445	1034	343	781
"ADCY3"	969	487	716	8	947
"ADCY4"	862	1023	1402	547	635
"ADCY5"	421	27	891	1387	1494
"ADCY6"	4	28	8	32	42
"ADCY7"	138	669	812	1037	998
"ADCY8"	1071	195	1318	1269	974
"ADCY9"	1194	93	223	256	390
"ADCYAP1"	259	52	162	290	1358
"ADCYAP1R1"	1458	1487	1267	41	862
"ADD1"	433	518	355	782	1057
"ADD2"	341	220	1302	1263	663
"ADD3"	1455	266	1174	397	815
"ADGB"	872	160	833	821	391
"ADH1A"	1181	856	1227	677	893
"ADH1B"	687	1260	1235	242	345
"ADH4"	478	352	769	910	367
"ADH5"	507	260	63	749	641
"ADH6"	268	979	867	1007	1445
"ADH7"	1390	202	578	1378	1073
"ADHFE1"	1158	917	955	1036	592
"ADI1"	1270	1084	634	1003	1410
"ADIG"	1454	676	879	729	1221
"ADIPOQ"	1150	666	98	95	1005
"ADIPOR1"	261	82	734	586	701
"ADIPOR2"	777	1346	1028	959	860
"ADIRF"	828	884	1103	1141	429
"ADK"	1174	165	120	1279	8
"ADM"	893	1327	741	349	1192
"ADM2"	1439	756	1355	373	736
"ADM5"	528	1481	892	880	1409
"ADNP"	141	284	620	1140	225
"ADNP2"	28	155	908	1377	464
"ADO"	626	761	1164	895	1117
"ADORA1"	504	166	82	1321	389
"ADORA2A"	594	1088	1224	991	725
"ADORA2B"	422	186	543	1259	946
"ADORA3"	840	1197	508	1076	668
"ADPGK"	1303	282	585	1072	475
"ADPRH"	1208	576	839	669	612
"ADPRHL1"	1013	613	145	1170	6
"ADPRHL2"	880	503	334	777	94
"ADPRM"	718	655	459	635	358
"ADRA1A"	1102	441	1007	521	575
"ADRA1B"	747	738	628	484	17
"ADRA1D"	1488	868	1378	1204	650
"ADRA2A"	127	1484	1084	1117	911
"ADRA2B"	599	1399	326	429	1456
"ADRA2C"	24	263	64	200	55
"ADRB1"	499	574	89	21	119
"ADRB2"	741	118	603	186	1471
"ADRB3"	426	1382	1437	445	93
"ADRBK1"	356	413	837	732	875
"ADRBK2"	1272	298	1330	673	559
"ADRM1"	85	342	417	509	786
"ADSL"	766	211	1479	1175	877
"ADSS"	518	1259	587	1273	957
"ADSSL1"	331	15	1475	977	1049
"ADTRP"	41	278	995	1118	1413
"AEBP1"	639	1440	456	575	855
"AEBP2"	938	1090	1138	993	1205
"AEN"	749	818	639	38	215
"AES"	415	201	1104	828	977
"AFAP1"	1456	948	1062	1349	929
"AFAP1L1"	551	735	1349	1014	1481
"AFAP1L2"	262	1097	171	999	1001
"AFF1"	1340	31	49	907	1182
"AFF2"	933	172	1147	902	140
"AFF3"	188	465	799	57	827
"AFF4"	1360	294	282	379	1399
"AFG3L2"	614	157	243	1492	1459
"AFM"	790	240	1035	161	98
"AFMID"	559	439	645	1265	439
"AFP"	1396	945	1225	420	590
"AFTPH"	152	1365	666	1237	831
"AGA"	131	103	124	12	307
"AGAP1"	349	1474	123	165	54
"AGAP2"	218	1258	609	1376	792
"AGAP3"	1398	1467	125	1073	96
"AGBL1"	45	1275	372	1345	1030
"AGBL2"	424	276	1360	756	1119
"AGBL3"	765	1186	178	1160	381
"AGBL4"	690	618	797	376	1350
"AGBL5"	874	1317	133	1213	960
"AGER"	48	203	210	504	218
"AGFG1"	1416	1494	174	944	1435
"AGFG2"	409	1249	1228	630	515
"AGGF1"	704	326	1162	304	1195
"AGK"	435	1209	440	610	44
"AGL"	545	1246	1142	1008	1172
"AGMAT"	800	772	588	1165	838
"AGMO"	1238	495	1072	865	1239
"AGO1"	1074	872	715	116	990
"AGO2"	958	1276	790	275	570
"AGO3"	432	116	25	1464	908
"AGO4"	780	949	160	399	1004
"AGPAT1"	760	705	35	1085	558
"AGPAT2"	537	1323	1431	307	909
"AGPAT3"	1309	1196	211	505	414
"AGPAT4"	498	41	743	846	271
"AGPAT5"	444	836	1285	3	528
"AGPAT6"	1362	709	1268	525	821
"AGPAT9"	1461	1188	710	636	720
"AGPS"	1120	904	1483	1380	724
"AGR2"	19	59	9	250	19
"AGR3"	1500	537	1273	800	150
"AGRN"	86	320	1182	672	627
"AGRP"	804	791	1299	1476	1126
"AGT"	1210	846	287	97	478
"AGTPBP1"	715	551	1123	684	1191
"AGTR1"	306	863	964	1235	321
"AGTR2"	898	57	1472	1212	1013
"AGTRAP"	762	1252	722	182	1319
"AGXT"	1010	1250	561	293	1417
"AGXT2"	1014	810	699	530	676
"AHCTF1"	952	164	762	1227	597
"AHCY"	1447	892	1274	1238	541
"AHCYL1"	269	734	1265	1308	378
"AHCYL2"	773	968	1387	1267	123
"AHDC1"	842	432	365	1084	1078
"AHI1"	1218	938	706	924	1433
"AHNAK"	1021	43	1195	69	545
"AHNAK2"	323	788	53	96	205
"AHR"	983	420	625	755	285
"AHRR"	723	711	1229	715	1262
"AHSA1"	150	325	544	722	1011
"AHSA2"	398	907	1149	1266	397
"AHSG"	1283	258	494	291	1169
"AHSP"	64	219	426	401	246
"AICDA"	680	1263	1331	1206	1343
"AIDA"	1090	1295	738	1346	173
"AIF1"	974	898	1064	625	1285
"AIF1L"	308	1370	893	559	926
"AIFM1"	1402	744	109	315	1185
"AIFM2"	1012	268	113	289	524
"AIFM3"	905	271	805	480	1061
"AIG1"	168	143	1101	1038	416
"AIM1"	425	855	555	105	647
"AIM1L"	695	9	434	1328	530
"AIM2"	302	114	871	568	599
"AIMP1"	816	1300	321	394	1079
"AIMP2"	1326	1008	1496	563	684
"AIP"	509	558	1376	794	1296
"AIPL1"	343	373	472	1463	134
"AIRE"	1315	125	1324	454	259
"AJAP1"	1192	615	1403	1151	411
"AJUBA"	309	942	842	1435	1250
"AK1"	1067	193	974	1210	952
"AK2"	460	1231	1008	1156	735
"AK3"	961	501	948	850	906
"AK4"	964	1471	1144	892	1080
"AK5"	1080	124	313	1433	993
"AK7"	187	232	1005	101	1170
"AK8"	1124	1335	689	1407	980
"AK9"	929	1052	613	569	688
"AKAP1"	313	865	271	482	143
"AKAP10"	283	1155	136	512	214
"AKAP11"	108	985	276	707	425
"AKAP12"	32	22	43	167	26
"AKAP13"	1242	30	1167	154	374
"AKAP14"	1419	1329	1087	1362	1248
"AKAP2"	2	404	135	1	2
"AKAP3"	92	280	270	1051	343
"AKAP4"	1024	458	579	826	886
"AKAP5"	662	650	373	1270	1101
"AKAP6"	1117	113	1209	1010	500
"AKAP7"	802	443	273	406	1095
"AKAP8"	932	46	670	301	619
"AKAP8L"	1313	976	596	271	810
"AKAP9"	515	137	704	827	1259
"AKIP1"	1297	875	429	696	749
"AKIRIN1"	443	120	1451	1306	1034
"AKIRIN2"	557	717	671	1209	861
"AKNA"	1442	1018	1254	1444	674
"AKNAD1"	178	1227	676	133	341
"AKR1A1"	6	8	302	1481	1
"AKR1B1"	948	815	254	793	567
"AKR1B10"	1025	1344	843	277	870
"AKR1B15"	1492	876	817	922	777
"AKR1C2"	1266	1091	319	36	554
"AKR1C3"	347	292	1466	9	249
"AKR1C4"	1019	414	451	919	915
"AKR1D1"	554	583	466	1397	66
"AKR1E2"	1284	1472	303	862	385
"AKR7A2"	1436	626	836	369	1383
"AKR7A3"	1185	252	726	375	1161
"AKT1"	1491	1112	1476	912	729
"AKT1S1"	1351	1154	602	1438	1391
"AKT2"	5	110	7	1102	39
"AKT3"	985	274	386	348	555
"AKTIP"	1432	248	1219	808	634
"ALAD"	71	1138	983	1318	122
"ALAS1"	881	808	229	427	618
"ALAS2"	23	1291	87	1490	40
"ALB"	251	444	795	157	680
"ALCAM"	296	801	840	302	971
"ALDH16A1"	735	491	480	848	853
"ALDH18A1"	677	416	381	932	878
"ALDH1A1"	1039	763	599	588	897
"ALDH1A2"	196	680	119	296	888
"ALDH1A3"	301	644	293	1460	32
"ALDH1B1"	35	469	95	670	316
"ALDH1L1"	1332	1221	792	668	894
"ALDH1L2"	295	840	156	652	69
"ALDH2"	990	1274	1091	361	1151
"ALDH3A1"	484	1019	928	324	606
"ALDH3A2"	1107	1419	834	1015	969
"ALDH3B2"	562	283	233	1393	270
"ALDH4A1"	130	217	306	1068	689
"ALDH5A1"	795	481	298	148	90
"ALDH6A1"	61	488	646	1371	1308
"ALDH7A1"	696	377	483	770	935
"ALDH8A1"	205	1452	1029	1162	183
"ALDH9A1"	403	174	1143	626	1137
"ALDOA"	977	107	566	1372	773
"ALDOB"	607	483	1216	1497	1443
"ALDOC"	506	1124	247	125	60
"ALG1"	681	500	1117	839	574
"ALG10B"	759	21	1121	671	64
"ALG11"	193	1342	767	317	633
"ALG12"	298	727	675	534	533
"ALG13"	900	911	1454	609	1143
"ALG14"	1462	504	545	874	615
"ALG2"	994	720	1407	1258	502
"ALG3"	524	273	829	1458	1271
"ALG5"	72	844	51	812	152
"ALG6"	937	1205	606	410	1297
"ALG8"	1106	1056	1333	937	1464
"ALG9"	552	259	1315	27	1332
"ALK"	731	429	1078	1335	563
"ALKBH1"	1111	1234	1151	446	224
"ALKBH2"	1066	63	708	1495	1376
"ALKBH3"	882	525	1190	1221	662
"ALKBH4"	971	123	782	904	1349
"ALKBH5"	954	1489	1039	1363	1460
"ALKBH6"	646	1441	1019	1374	731
"ALKBH7"	386	1176	1492	259	1219
"ALKBH8"	854	534	168	1148	62
"ALLC"	462	821	569	489	204
"ALMS1"	1424	138	539	336	1402
"ALOX12"	596	991	383	1054	257
"ALOX12B"	1000	297	388	344	447
"ALOX15"	910	1334	1213	619	1412
"ALOX15B"	949	68	658	1223	1015
"ALOX5"	70	136	1163	535	120
"ALOX5AP"	789	1165	1018	267	950
"ALOXE3"	62	878	1453	751	804
"ALPI"	1397	54	340	28	813
"ALPK1"	288	460	1306	840	1201
"ALPK2"	212	304	604	806	43
"ALPK3"	476	97	1394	540	197
"ALPL"	597	310	1170	365	631
"ALPP"	245	1392	378	972	716
"ALPPL2"	944	477	1100	1400	157
"ALS2"	1382	270	249	1462	629
"ALS2CL"	847	149	660	110	1426
"ALS2CR11"	151	314	1327	1491	1019
"ALS2CR12"	392	24	665	184	314
"ALX1"	743	360	476	727	328
"ALX3"	310	1071	1310	1379	901
"ALX4"	206	329	1500	53	116
"ALYREF"	869	1286	1423	1280	759
"AMACR"	105	225	1176	1092	648
"AMBN"	1051	286	1251	964	1035
"AMBP"	406	783	272	481	566
"AMBRA1"	102	223	164	146	48
"AMD1"	123	1104	593	592	922
"AMDHD1"	918	486	637	178	1243
"AMDHD2"	337	319	77	612	12
"AMELX"	652	1122	1374	601	1060
"AMELY"	1435	1455	784	425	670
"AMER1"	1330	362	1491	1296	842
"AMER2"	1152	1366	402	93	1068
"AMER3"	114	850	750	1317	1361
"AMFR"	490	885	105	852	170
"AMH"	216	758	1436	1041	1407
"AMHR2"	1213	631	1335	1124	496
"AMICA1"	793	16	874	663	595
"AMIGO1"	345	814	129	1031	1087
"AMIGO2"	923	1111	526	649	643
"AMMECR1"	52	92	1351	927	1306
"AMMECR1L"	877	859	1263	844	495
"AMN"	203	838	13	524	20
"AMN1"	279	677	511	864	109
"AMOT"	1327	1195	1277	1150	817
"AMOTL1"	1253	1059	484	744	1084
"AMOTL2"	132	163	1417	1467	1193
"AMPD1"	338	556	324	849	808
"AMPD2"	698	1219	758	1307	797
"AMPD3"	856	1233	1291	1474	1133
"AMPH"	1043	1237	1390	1112	868
"AMT"	1347	109	1343	255	1473
"AMTN"	101	805	552	835	14
"AMZ1"	1220	726	1425	1181	480
"AMZ2"	172	785	1009	67	1229
"ANAPC1"	284	1375	422	174	178
"ANAPC10"	899	652	517	1056	1475
"ANAPC11"	364	1156	531	329	30
"ANAPC13"	109	549	685	714	527
"ANAPC15"	1388	1031	310	1434	927
"ANAPC16"	713	1017	201	137	510
"ANAPC2"	544	366	970	943	1300
"ANAPC4"	1322	622	93	952	80
"ANAPC5"	714	1060	1189	936	1348
"ANAPC7"	1109	1459	439	1312	1022
"ANG"	182	1162	205	227	1274
"ANGEL1"	79	823	816	942	74
"ANGEL2"	1389	837	621	471	921
"ANGPT1"	366	507	1043	1214	782
"ANGPT2"	427	115	661	75	1321
"ANGPT4"	618	538	226	725	121
"ANGPTL1"	1116	952	535	1391	344
"ANGPTL2"	136	128	24	499	4
"ANGPTL3"	1443	1225	521	1392	577
"ANGPTL4"	360	357	890	745	964
"ANGPTL5"	434	813	391	898	581
"ANGPTL6"	334	393	1032	1061	1024
"ANGPTL7"	1006	962	1471	1195	23
"ANHX"	192	547	558	804	1072
"ANK1"	585	1100	1275	858	212
"ANK2"	812	879	491	656	1175
"ANK3"	995	1022	863	946	182
"ANKAR"	93	803	941	712	200
"ANKDD1A"	1262	322	97	1484	196
"ANKDD1B"	1178	173	1253	833	1183
"ANKEF1"	738	419	1307	830	1423
"ANKFN1"	74	162	528	1488	1430
"ANKFY1"	1370	871	454	458	359
"ANKH"	1271	170	724	1194	412
"ANKHD1"	1420	1347	1278	1470	1298
"ANKHD1-EIF4EBP3"	84	1132	1186	1324	436
"ANKIB1"	342	1013	285	1333	1046
"ANKK1"	1428	1443	1045	787	1053
"ANKLE1"	475	493	1071	1429	421
"ANKLE2"	587	1068	1183	1178	1385
"ANKMY1"	1018	1479	808	974	966
"ANKMY2"	17	701	673	655	1434
"ANKRA2"	1048	1283	358	921	312
"ANKRD1"	1216	1149	1421	16	466
"ANKRD10"	1293	243	1295	933	1497
"ANKRD11"	1474	106	479	1197	995
"ANKRD12"	1160	971	1243	1247	916
"ANKRD13A"	1159	1411	849	1295	29
"ANKRD13B"	397	830	308	423	1114
"ANKRD13C"	691	817	534	539	1425
"ANKRD13D"	1252	224	1042	1239	1006
"ANKRD16"	782	947	1368	1425	594
"ANKRD17"	584	32	1001	258	632
"ANKRD18A"	1344	786	1457	1277	1444
"ANKRD18B"	274	1217	184	681	1168
"ANKRD2"	761	289	1434	788	807
"ANKRD22"	565	55	59	341	1162
"ANKRD23"	744	238	1203	466	1468
"ANKRD24"	299	1157	117	741	1487
"ANKRD26"	50	1053	751	900	1136
"ANKRD27"	864	401	617	402	309
"ANKRD28"	1334	1199	214	334	22
"ANKRD29"	810	1318	870	1367	620
"ANKRD30A"	720	1171	281	201	962
"ANKRD30B"	901	19	1347	1399	1104
"ANKRD30BL"	1049	499	161	179	1261
"ANKRD31"	160	1065	793	1203	201
"ANKRD32"	1190	334	486	807	1184
"ANKRD33"	775	647	559	820	863
"ANKRD33B"	1217	960	877	126	491
"ANKRD34A"	769	869	827	370	578
"ANKRD34B"	707	250	883	694	1441
"ANKRD34C"	621	1020	1313	1128	340
"ANKRD35"	634	152	1026	536	883
"ANKRD36"	711	447	475	468	598
"ANKRD36C"	1367	831	745	443	704
"ANKRD37"	1089	619	1013	1082	1166
"ANKRD39"	1146	452	347	440	221
"ANKRD40"	304	673	582	695	1351
"ANKRD42"	1063	851	269	624	522
"ANKRD44"	56	13	899	1173	1447
"ANKRD45"	1343	1301	873	1174	1150
"ANKRD46"	616	1107	1386	1167	1058
"ANKRD49"	927	951	455	1370	984
"ANKRD50"	1036	839	1207	1063	1457
"ANKRD52"	95	903	640	743	471
"ANKRD53"	1263	343	1494	1133	1397
"ANKRD54"	1359	1077	240	456	38
"ANKRD55"	1384	798	457	215	129
"ANKRD6"	745	1137	803	1360	1122
"ANKRD61"	1095	610	1296	99	1405
"ANKRD62"	580	1058	717	1364	757
"ANKRD63"	1059	1011	697	404	1286
"ANKRD65"	831	382	1336	1226	695
"ANKRD66"	351	843	333	143	1187
"ANKRD7"	411	409	1377	1339	233
"ANKRD9"	1110	1238	348	1157	602
"ANKS1A"	1377	582	99	604	1369
"ANKS1B"	1325	1284	691	282	1438
"ANKS3"	191	712	1002	710	188
"ANKS4B"	1394	1254	1320	1382	834
"ANKS6"	204	1127	622	294	395
"ANKUB1"	407	529	395	1046	1165
"ANKZF1"	1256	656	251	518	137
"ANLN"	1230	697	1248	1486	144
"ANO1"	575	719	608	920	565
"ANO10"	1054	1125	1214	1137	718
"ANO2"	778	1242	1433	1441	470
"ANO3"	924	353	394	1065	207
"ANO4"	1212	592	252	367	1353
"ANO5"	311	1069	437	603	294
"ANO6"	999	1265	1297	1064	934
"ANO7"	906	779	1294	842	836
"ANO8"	525	517	1312	1096	835
"ANO9"	198	1287	1205	1257	1181
"ANP32A"	521	1190	118	1053	569
"ANP32B"	190	87	304	72	9
"ANP32D"	447	974	746	847	1129
"ANP32E"	643	946	744	448	468
"ANPEP"	601	392	11	442	209
"ANTXR1"	612	778	1279	1018	323
"ANTXR2"	1248	936	350	1461	918
"ANTXRL"	1104	1369	1462	1106	1212
"ANXA1"	1495	682	41	453	873
"ANXA10"	1133	793	1283	346	1499
"ANXA11"	1007	1290	934	1218	847
"ANXA13"	752	528	909	109	1418
"ANXA2"	1489	1338	289	538	68
"ANXA2R"	798	725	920	339	1232
"ANXA3"	1475	1432	180	312	518
"ANXA4"	18	955	194	646	399
"ANXA5"	700	364	807	915	1125
"ANXA6"	1470	928	1447	478	297
"ANXA7"	1278	10	696	845	1176
"ANXA9"	817	796	1381	992	586
"AOAH"	1404	86	400	1224	1341
"AOC1"	1196	1161	1065	1472	1282
"AOC2"	106	249	31	1468	151
"AOC3"	941	569	898	711	699
"AOX1"	966	1178	901	286	728
"AP001816.1"	814	1239	246	253	419
"AP003774.4"	558	1273	919	218	492
"AP1AR"	1060	1404	198	362	1381
"AP1B1"	1052	782	693	866	1157
"AP1G1"	82	1449	1110	103	809
"AP1G2"	610	643	140	1409	72
"AP1M1"	960	200	1385	1344	287
"AP1M2"	260	1337	239	395	350
"AP1S1"	827	1121	618	1250	75
"AP1S2"	541	799	50	621	649
"AP1S3"	903	1226	1450	998	1206
"AP2A1"	1273	1410	1201	1375	124
"AP2A2"	428	112	989	94	427
"AP2B1"	569	100	57	164	10
"AP2M1"	1112	384	277	899	1199
"AP2S1"	488	588	1467	653	1302
"AP3B1"	904	739	1257	997	442
"AP3B2"	252	60	921	1338	133
"AP3D1"	957	522	1239	811	513
"AP3M1"	453	1490	197	995	973
"AP3M2"	126	1460	407	720	534
"AP3S1"	911	1085	551	230	732
"AP3S2"	485	634	46	254	869
"AP4B1"	401	1092	1128	1200	1155
"AP4E1"	655	1357	1493	279	1233
"AP4M1"	992	874	1058	748	1411
"AP4S1"	305	461	727	169	651
"AP5B1"	1342	542	884	1202	440
"AP5M1"	266	1051	390	1369	400
"AP5S1"	1291	1306	471	1185	667
"AP5Z1"	583	1045	83	224	830
"APAF1"	688	1074	984	1177	198
"APBA1"	361	1004	418	1398	102
"APBA2"	619	374	207	867	386
"APBA3"	886	1435	986	680	846
"APBB1"	465	228	822	1182	1213
"APBB1IP"	588	700	213	299	677
"APBB2"	682	1272	765	1352	245
"APBB3"	935	1470	448	44	705
"APC"	631	1173	944	216	714
"APC2"	1410	775	380	1103	1235
"APCDD1"	1034	637	949	986	355
"APCDD1L"	1335	862	1380	1415	1007
"APCS"	292	346	655	887	1333
"APEH"	291	1001	1242	316	1160
"APEX1"	1429	905	862	364	1198
"APEX2"	865	557	18	119	15
"APH1A"	233	797	244	1171	1149
"APH1B"	65	76	14	1013	36
"API5"	801	1140	905	331	274
"APIP"	10	861	81	13	13
"APLF"	566	1146	570	1219	87
"APLN"	1445	1307	1060	354	1008
"APLNR"	701	612	1089	461	871
"APLP1"	1463	1400	856	987	1364
"APLP2"	94	512	354	1427	681
"APMAP"	483	1218	985	1342	961
"APOA1"	706	600	958	772	673
"APOA1BP"	574	397	22	1373	86
"APOA2"	726	1407	991	1272	1452
"APOA4"	912	156	141	716	449
"APOA5"	373	1147	1112	834	382
"APOB"	534	214	353	1408	1091
"APOBEC1"	815	79	753	765	682
"APOBEC2"	1193	984	301	262	47
"APOBEC3A"	38	752	75	73	108
"APOBEC3B"	517	497	473	1135	854
"APOBEC3C"	836	324	524	313	370
"APOBEC3D"	606	1145	186	659	424
"APOBEC3F"	1154	975	368	861	1398
"APOBEC3G"	976	841	339	212	342
"APOBEC3H"	1403	388	668	699	889
"APOBEC4"	818	762	1401	1240	707
"APOBR"	454	741	656	876	1431
"APOC1"	984	506	904	70	1090
"APOC3"	503	755	1357	558	664
"APOC4"	702	119	1418	1421	211
"APOD"	955	347	1157	837	1145
"APOE"	1081	1444	976	147	1100
"APOF"	1068	438	1412	1271	1366
"APOH"	1236	1130	1092	872	1498
"APOL1"	774	1311	952	1405	890
"APOL2"	139	257	1127	1188	303
"APOL3"	213	167	150	4	184
"APOL4"	1353	104	992	305	583
"APOL5"	1450	888	1178	1356	1106
"APOL6"	832	478	1400	48	1244
"APOLD1"	1121	1493	1082	1359	463
"APOM"	719	926	1051	901	393
"APOO"	220	729	182	257	1033
"APOOL"	1484	1461	1477	1436	1323
"APOPT1"	1137	83	1480	769	1059
"APP"	891	337	74	566	147
"APPBP2"	1118	73	1000	988	1355
"APPL1"	68	882	1388	855	867
"APPL2"	389	398	979	507	997
"APRT"	155	1002	730	486	790
"APTX"	722	498	541	778	691
"AQP1"	173	363	878	945	1077
"AQP10"	717	308	1233	593	607
"AQP11"	824	765	943	791	750
"AQP2"	1305	732	968	654	543
"AQP3"	1003	1292	131	265	1064
"AQP4"	137	1187	181	438	35
"AQP5"	1453	233	1172	54	406
"AQP6"	287	532	155	203	1111
"AQP8"	89	774	770	173	972
"AQP9"	234	1089	880	1452	457
"AQPEP"	1182	539	464	127	1495
"AQR"	238	256	826	1139	100
"AR"	1031	6	713	89	544
"ARAF"	165	660	772	503	469
"ARAP1"	1473	1309	977	1340	1406
"ARAP2"	194	424	1052	163	849
"ARAP3"	207	1182	1122	330	687
"ARC"	896	1183	296	393	317
"ARCN1"	637	1035	1090	1319	526
"AREL1"	146	1191	367	598	405
"ARF1"	8	5	38	17	110
"ARF3"	751	1482	783	476	882
"ARF4"	147	1385	398	333	1337
"ARF5"	846	870	903	576	1478
"ARF6"	838	1436	1220	51	371
"ARFGAP1"	835	190	202	893	230
"ARFGAP2"	675	244	148	1217	1436
"ARFGAP3"	1201	731	780	1180	1251
"ARFGEF1"	808	229	311	691	267
"ARFGEF2"	135	1079	453	1131	57
"ARFIP1"	989	1012	525	1234	546
"ARFIP2"	1300	562	954	1127	1404
"ARFRP1"	1224	4	175	514	228
"ARG1"	1255	1026	532	321	864
"ARG2"	598	421	809	351	360
"ARGFX"	119	1103	533	243	696
"ARGLU1"	1147	623	1197	889	1403
"ARHGAP1"	750	494	96	640	988
"ARHGAP10"	892	1106	1240	139	1124
"ARHGAP11A"	848	448	711	1351	1113
"ARHGAP12"	1451	698	1056	607	1164
"ARHGAP15"	333	804	1140	1000	1116
"ARHGAP17"	430	281	1031	1304	229
"ARHGAP18"	359	50	1435	1074	880
"ARHGAP19"	487	737	542	651	1278
"ARHGAP20"	1200	1442	1424	1101	604
"ARHGAP21"	522	570	1382	824	1490
"ARHGAP22"	867	694	1256	989	56
"ARHGAP23"	229	1029	672	638	50
"ARHGAP24"	60	1057	44	752	441
"ARHGAP25"	1234	198	458	190	812
"ARHGAP26"	1243	1364	1288	713	818
"ARHGAP27"	321	185	632	171	1370
"ARHGAP28"	727	348	500	1439	1340
"ARHGAP29"	539	1406	1362	949	623
"ARHGAP30"	1078	736	193	1418	1045
"ARHGAP31"	384	963	1137	1121	1293
"ARHGAP32"	1275	1177	725	1164	783
"ARHGAP33"	1105	241	1192	199	560
"ARHGAP35"	667	299	1179	496	658
"ARHGAP36"	1076	1194	1486	896	743
"ARHGAP39"	1392	1447	1370	1283	1408
"ARHGAP4"	716	695	1241	573	1474
"ARHGAP42"	542	780	763	723	1144
"ARHGAP44"	1002	140	1304	1114	1252
"ARHGAP5"	1481	1009	1204	1325	1159
"ARHGAP6"	124	881	37	701	28
"ARHGAP8"	1304	1454	754	1289	461
"ARHGAP9"	523	307	396	107	1314
"ARHGDIA"	1368	1373	1498	1499	1500
"ARHGDIB"	649	489	314	386	261
"ARHGDIG"	258	728	937	191	848
"ARHGEF1"	931	1409	265	209	700
"ARHGEF10"	604	1358	387	1021	490
"ARHGEF10L"	63	222	647	168	1263
"ARHGEF11"	200	1216	305	30	165
"ARHGEF12"	1123	1204	263	533	1039
"ARHGEF15"	1408	790	452	602	404
"ARHGEF16"	253	883	258	380	1334
"ARHGEF17"	247	339	962	633	611
"ARHGEF18"	754	1496	147	717	61
"ARHGEF19"	199	854	514	374	82
"ARHGEF2"	394	988	241	1110	571
"ARHGEF25"	917	635	1171	597	1316
"ARHGEF26"	254	961	312	345	313
"ARHGEF28"	1047	990	1223	1159	236
"ARHGEF3"	936	64	657	220	944
"ARHGEF33"	1056	1236	731	1149	451
"ARHGEF37"	1337	502	1393	276	489
"ARHGEF38"	390	1270	835	130	697
"ARHGEF39"	244	1193	1049	780	943
"ARHGEF4"	547	645	154	251	1264
"ARHGEF40"	728	470	729	615	721
"ARHGEF5"	175	908	565	226	1025
"ARHGEF6"	635	285	930	869	776
"ARHGEF7"	423	368	490	735	1086
"ARHGEF9"	560	323	224	546	624
"ARID1A"	1168	710	936	1104	453
"ARID1B"	1136	1119	264	210	999
"ARID2"	548	1368	408	45	45
"ARID3A"	533	978	1120	1129	336
"ARID3B"	1092	442	1105	776	315
"ARID3C"	755	1293	1070	985	161
"ARID4A"	91	301	433	1115	5
"ARID4B"	1320	1402	438	1403	1217
"ARID5A"	1119	65	104	31	494
"ARID5B"	991	180	1309	1113	465
"ARIH1"	615	312	1339	726	942
"ARIH2"	1400	910	1246	63	919
"ARIH2OS"	1113	158	399	818	1276
"ARL1"	1395	767	1150	719	945
"ARL10"	1228	471	1118	66	754
"ARL11"	849	96	718	733	1052
"ARL13A"	140	1134	953	1402	1131
"ARL13B"	1093	1324	540	310	473
"ARL14"	1114	194	674	217	175
"ARL14EP"	1083	994	1106	674	460
"ARL15"	579	181	206	1260	814
"ARL16"	1355	38	1356	183	953
"ARL2"	636	1192	1068	1201	166
"ARL2BP"	1211	1424	1415	1228	1167
"ARL3"	396	573	173	963	1037
"ARL4A"	402	730	978	1100	660
"ARL4C"	1331	1498	1116	906	1309
"ARL4D"	734	12	384	627	1339
"ARL5A"	965	835	733	1252	621
"ARL5B"	1065	1450	547	117	401
"ARL5C"	581	396	1392	1090	1395
"ARL6"	128	335	702	1478	511
"ARL6IP1"	645	642	913	560	672
"ARL6IP4"	855	1297	1155	1426	1455
"ARL6IP5"	505	1164	1272	121	920
"ARL6IP6"	31	428	897	515	227
"ARL8A"	783	873	705	1487	525
"ARL8B"	1317	1386	507	1475	991
"ARL9"	1202	1036	1168	785	796
"ARMC1"	376	1123	493	1098	1134
"ARMC10"	222	603	16	825	1018
"ARMC12"	756	571	1057	464	930
"ARMC2"	857	733	819	813	891
"ARMC3"	633	1229	467	86	1477
"ARMC4"	54	674	669	1330	746
"ARMC5"	1132	1257	85	1353	202
"ARMC6"	143	309	802	737	820
"ARMC7"	414	1064	30	767	1249
"ARMC8"	1406	1027	740	594	76
"ARMC9"	27	288	1300	580	828
"ARMCX1"	1251	1120	546	1035	318
"ARMCX2"	339	187	414	353	107
"ARMCX3"	1	7	1	1428	3
"ARMCX4"	1096	769	688	561	678
"ARMCX5"	241	133	284	7	268
"ARMCX6"	1206	954	1261	731	685
"ARMS2"	482	379	88	15	1109
"ARNT"	894	1152	1099	658	408
"ARNT2"	922	139	1438	572	671
"ARNTL"	1348	449	212	400	703
"ARNTL2"	1170	1047	1010	1437	1256
"ARPC1A"	1087	78	1404	65	1290
"ARPC1B"	496	893	364	383	206
"ARPC2"	58	687	318	929	587
"ARPC3"	1180	1319	401	517	564
"ARPC4"	1129	251	126	337	272
"ARPC5"	1391	579	785	192	600
"ARPC5L"	1145	1033	556	128	734
"ARPP19"	1161	1158	225	266	231
"ARPP21"	16	253	62	10	603
"ARR3"	1381	1426	939	718	138
"ARRB1"	369	1151	250	750	1048
"ARRB2"	1011	1083	1181	528	1231
"ARRDC1"	282	575	1102	554	132
"ARRDC2"	1017	492	912	172	1189
"ARRDC3"	248	433	1119	1190	158
"ARRDC4"	473	1438	761	622	722
"ARRDC5"	455	641	562	472	1273
"ARSA"	335	909	956	342	639
"ARSB"	370	886	1259	856	508
"ARSD"	463	992	574	469	923
"ARSE"	1319	693	1422	85	394
"ARSF"	845	474	945	1189	1354
"ARSG"	404	770	1411	957	1368
"ARSH"	243	454	102	432	775
"ARSI"	970	1241	806	92	295
"ARSJ"	1064	653	1094	1381	1242
"ARSK"	651	924	1369	885	669
"ART1"	975	1041	1154	1274	333
"ART3"	49	3	12	26	262
"ART4"	21	1310	26	928	265
"ART5"	29	66	295	159	516
"ARTN"	121	1354	1439	1120	1257
"ARV1"	491	987	662	1500	1070
"ARVCF"	950	915	1383	112	932
"ARX"	420	811	107	1316	679
"AS3MT"	510	857	1075	1242	1416
"ASAH1"	595	845	1366	80	1203
"ASAH2"	169	1326	55	1225	220
"ASAP1"	1027	617	712	886	605
"ASAP2"	1411	1081	335	1155	1223
"ASAP3"	413	351	1465	971	1379
"ASB1"	1232	807	1414	984	1310
"ASB10"	450	330	1284	860	959
"ASB11"	1387	422	1292	35	423
"ASB12"	1372	519	824	1023	1234
"ASB13"	577	1331	554	1309	617
"ASB14"	1464	1087	1208	237	758
"ASB15"	312	99	1468	857	1067
"ASB16"	1413	293	847	970	1295
"ASB17"	1223	1016	425	84	900
"ASB18"	417	410	1428	1320	1237
"ASB2"	1467	668	1322	398	1463
"ASB4"	907	1050	449	541	244
"ASB5"	1290	559	885	120	1375
"ASB6"	1279	359	39	531	1050
"ASB7"	367	611	1488	1107	826
"ASB8"	1165	686	204	326	1088
"ASB9"	211	688	1252	678	540
"ASCC1"	1465	714	91	134	931
"ASCC2"	271	210	432	771	433
"ASCC3"	1285	130	597	426	763
"ASCL1"	303	315	1303	643	1093
"ASCL2"	666	957	1244	1469	1010
"ASCL3"	1261	1243	309	74	1320
"ASCL4"	1264	344	406	62	535
"ASCL5"	712	237	1456	1059	1028
"ASF1A"	217	1267	1217	1251	1128
"ASF1B"	823	1353	69	5	335
"ASGR1"	317	722	1301	1078	1338
"ASGR2"	821	1096	1130	1246	896
"ASH1L"	256	14	764	1448	1378
"ASH2L"	319	177	900	1191	1449
"ASIC1"	951	633	993	245	512
"ASIC2"	876	1316	73	455	402
"ASIC3"	1195	646	624	789	1476
"ASIC4"	653	544	299	491	768
"ASIC5"	290	212	142	1282	239
"ASIP"	1363	1340	288	1029	1289
"ASL"	1186	385	882	288	793
"ASNA1"	255	825	864	564	357
"ASNS"	1365	1144	857	308	377
"ASNSD1"	1405	242	723	903	331
"ASPA"	514	1341	881	523	576
"ASPDH"	953	321	185	1350	1204
"ASPG"	986	188	553	407	910
"ASPH"	1084	649	482	1083	288
"ASPHD1"	1341	192	1215	1299	723
"ASPHD2"	563	1322	1260	961	970
"ASPM"	471	1073	576	1455	580
"ASPN"	740	1163	1346	1388	1480
"ASPRV1"	654	199	947	261	928
"ASPSCR1"	1452	707	1364	1187	455
"ASRGL1"	232	1405	1156	616	657
"ASS1"	520	90	1237	431	1076
"ASTE1"	1498	550	682	599	290
"ASTL"	395	1393	917	104	479
"ASTN1"	732	715	895	969	917
"ASTN2"	1324	1251	1081	18	645
"ASUN"	230	303	1245	175	519
"ASXL1"	158	94	700	285	148
"ASXL2"	1214	98	1221	377	588
"ASXL3"	1171	1339	798	854	334
"ASZ1"	300	667	1317	683	529
"ATAD1"	834	338	19	156	1342
"ATAD2"	1329	1005	1354	1343	892
"ATAD2B"	676	925	1161	685	895
"ATAD3A"	670	213	79	1261	765
"ATAD3B"	956	1102	1173	1314	744
"ATAD3C"	99	902	329	1052	179
"ATAD5"	273	437	830	550	104
"ATAT1"	1108	389	489	754	1394
"ATCAY"	1471	1302	1410	1045	1488
"ATE1"	461	533	1314	660	167
"ATF1"	860	834	1311	1153	92
"ATF2"	663	927	951	1095	1099
"ATF3"	12	144	65	403	21
"ATF4"	1375	37	1236	487	751
"ATF5"	843	1330	1352	467	551
"ATF6"	571	1377	1490	269	954
"ATF6B"	787	1189	760	1253	493
"ATF7"	495	521	222	196	223
"ATF7IP"	1125	661	139	204	384
"ATF7IP2"	661	378	967	797	1328
"ATG10"	1215	77	344	1142	655
"ATG12"	527	1312	10	877	7
"ATG13"	946	457	1460	951	573
"ATG14"	839	1214	1427	1465	1400
"ATG16L1"	647	1492	1047	829	363
"ATG16L2"	9	944	261	948	351
"ATG2A"	669	390	110	734	322
"ATG2B"	568	1376	346	359	1268
"ATG3"	149	1396	1077	229	235
"ATG4A"	1127	1042	1371	913	1228
"ATG4B"	185	176	1050	1184	767
"ATG4C"	968	1463	987	1327	1146
"ATG4D"	890	36	607	1039	1177
"ATG5"	26	69	159	77	210
"ATG7"	940	328	1266	83	301
"ATG9A"	1045	1475	1095	881	1336
"ATHL1"	1164	858	1405	437	913
"ATIC"	684	262	465	433	1462
"ATL1"	1427	1288	1289	202	652
"ATL2"	285	1116	654	775	1140
"ATL3"	813	391	1234	657	1041
"ATM"	945	121	242	451	95
"ATMIN"	174	467	823	836	1026
"ATN1"	1175	781	115	414	203
"ATOH1"	1244	1025	259	311	794
"ATOH7"	1227	231	209	1125	1365
"ATOH8"	757	877	379	1254	1156
"ATOX1"	1321	620	1469	841	1254
"ATP10A"	1268	1021	687	115	1179
"ATP10B"	1259	636	748	1264	320
"ATP10D"	1046	1299	430	1033	1305
"ATP11A"	630	648	889	268	199
"ATP11B"	511	189	111	1483	130
"ATP11C"	325	553	996	415	521
"ATP12A"	1306	1439	633	23	59
"ATP13A1"	781	964	163	823	841
"ATP13A2"	1292	468	441	532	653
"ATP13A3"	1050	1062	841	236	975
"ATP13A4"	399	367	343	1024	365
"ATP13A5"	272	1126	957	647	219
"ATP1A1"	1035	608	488	798	1218
"ATP1A2"	1483	894	1455	863	1372
"ATP1A3"	457	1215	523	1286	241
"ATP1A4"	1409	933	781	740	1158
"ATP1B1"	362	72	529	884	1102
"ATP1B2"	887	896	1408	352	99
"ATP1B3"	224	399	999	1172	154
"ATP1B4"	371	713	54	838	925
"ATP2A1"	11	1	3	1489	83
"ATP2A2"	1493	584	327	102	1112
"ATP2A3"	928	1099	1211	88	126
"ATP2B1"	1499	418	756	149	1202
"ATP2B2"	770	812	245	571	1016
"ATP2B3"	1374	455	227	953	1415
"ATP2B4"	979	290	1372	240	1173
"ATP2C1"	1038	354	605	693	865
"ATP2C2"	943	175	325	817	171
"ATP4A"	853	1206	922	666	1330
"ATP4B"	1187	986	815	555	1051
"ATP5A1"	939	1360	1134	763	387
"ATP5B"	393	383	385	1193	1105
"ATP5C1"	578	340	1188	418	748
"ATP5D"	1099	81	865	320	1132
"ATP5F1"	167	1240	1293	1431	191
"ATP5G1"	1490	1384	1136	1179	1420
"ATP5G2"	418	1203	101	574	174
"ATP5G3"	526	318	861	61	1108
"ATP5H"	46	1010	998	490	1222
"ATP5I"	1301	505	1391	579	1245
"ATP5J"	1438	1387	176	1459	192
"ATP5J2"	383	1415	663	1040	1367
"ATP5L"	889	913	1452	1034	1307
"ATP5L2"	792	1372	791	882	354
"ATP5O"	861	291	1258	1262	1429
"ATP5S"	1298	1468	1442	758	1288
"ATP5SL"	1151	920	1109	703	1147
"ATP6AP1"	1203	577	179	355	646
"ATP6AP1L"	1459	1148	635	1163	780
"ATP6AP2"	978	148	6	181	380
"ATP6V0A1"	1358	998	1481	1066	761
"ATP6V0A2"	916	511	90	1168	778
"ATP6V0A4"	1318	941	1133	1430	1374
"ATP6V0B"	246	625	1379	356	523
"ATP6V0C"	1311	1423	1358	1383	1255
"ATP6V0D1"	472	254	692	516	91
"ATP6V0D2"	920	999	290	700	1346
"ATP6V0E1"	1346	750	496	1152	698
"ATP6V0E2"	307	111	420	366	762
"ATP6V1A"	1246	62	997	78	117
"ATP6V1B1"	1267	1495	759	931	1483
"ATP6V1B2"	830	1039	509	1233	260
"ATP6V1C1"	546	545	220	916	114
"ATP6V1C2"	237	659	278	544	1427
"ATP6V1D"	1369	1403	1006	1432	347
"ATP6V1E1"	442	1244	695	1417	379
"ATP6V1E2"	1289	995	650	1395	1214
"ATP6V1F"	1357	1168	659	111	474
"ATP6V1G1"	1115	1006	338	810	596
"ATP6V1G2"	1257	1401	736	391	1031
"ATP6V1G3"	223	743	550	611	766
"ATP6V1H"	78	341	969	1422	1258
"ATP7A"	529	1453	1073	244	506
"ATP7B"	330	126	932	494	1081
"ATP8A1"	758	1049	187	1126	280
"ATP8A2"	1258	71	894	537	375
"ATP8B1"	1260	1421	1449	975	1224
"ATP8B2"	1380	427	413	1341	127
"ATP8B3"	1307	1253	860	447	1246
"ATP8B4"	725	1224	918	911	1292
"ATP9A"	201	122	152	815	311
"ATP9B"	1269	1223	850	851	760
"ATPAF1"	1020	842	866	1004	78
"ATPAF2"	1265	1028	1487	1357	591
"ATPIF1"	458	300	973	629	277
"ATR"	112	784	796	1496	73
"ATRAID"	235	1336	196	1208	1163
"ATRIP"	885	1082	323	728	1054
"ATRN"	419	1095	292	831	483
"ATRNL1"	87	1114	415	474	536
"ATRX"	962	601	157	567	88
"ATXN1"	625	1298	652	675	665
"ATXN10"	1128	827	352	897	364
"ATXN1L"	1433	602	1419	292	715
"ATXN2"	930	514	667	873	448
"ATXN2L"	340	370	1337	439	503
"ATXN3"	871	740	60	795	410
"ATXN3L"	1295	1333	331	408	1043
"ATXN7"	464	91	778	1020	372
"ATXN7L1"	276	49	32	100	1194
"ATXN7L2"	7	1093	1037	786	1362
"ATXN7L3"	1229	787	1085	935	601
"ATXN7L3B"	1055	989	443	11	431
"AUH"	998	245	1464	1423	904
"AUNIP"	519	829	869	1169	1096
"AUP1"	180	585	461	761	376
"AURKA"	1364	1070	397	979	1421
"AURKAIP1"	987	614	1286	753	903
"AURKB"	532	296	1329	206	222
"AURKC"	355	394	1413	739	939
"AUTS2"	352	159	48	692	482
"AVEN"	1294	802	359	690	844
"AVIL"	1240	466	1048	634	1384
"AVL9"	705	616	1247	760	955
"AVP"	1101	523	376	1069	1153
"AVPI1"	785	860	747	378	65
"AVPR1A"	412	313	598	1332	1152
"AVPR1B"	730	375	498	497	1387
"AVPR2"	1042	1308	356	129	1428
"AWAT1"	686	887	1499	1281	1186
"AWAT2"	354	757	232	434	983
"AXDND1"	153	675	502	689	254
"AXIN1"	657	1389	153	435	879
"AXIN2"	115	541	1030	645	467
"AXL"	1032	463	1021	248	159
"AZGP1"	1414	1248	1016	314	1020
"AZI1"	550	1207	1264	247	949
"AZI2"	1041	1478	629	1232	160
"AZIN1"	469	29	470	280	898
"AZU1"	1249	1412	1022	1192	1139
"B2M"	1494	1066	436	150	162
"B3GALNT1"	88	794	828	390	769
"B3GALNT2"	540	958	571	1047	1120
"B3GALT1"	858	1174	1448	709	968
"B3GALT2"	36	1034	1395	1030	992
"B3GALT4"	1373	333	1166	578	1454
"B3GALT5"	689	356	1342	548	1469
"B3GALT6"	866	412	768	1196	1171
"B3GALTL"	736	1278	1270	1207	1130
"B3GAT1"	97	142	537	58	1209
"B3GAT2"	59	145	510	1144	306
"B3GAT3"	1352	561	965	52	291
"B3GNT1"	1148	890	1153	1122	1092
"B3GNT2"	981	18	84	64	626
"B3GNT3"	833	508	1363	905	948
"B3GNT4"	1417	1220	294	508	432
"B3GNT5"	1479	754	78	600	383
"B3GNT6"	1376	218	128	188	1118
"B3GNT7"	603	1179	719	185	940
"B3GNT8"	249	1110	1165	774	986
"B3GNT9"	328	372	972	1424	1017
"B3GNTL1"	429	178	567	1111	1236
"B4GALNT1"	219	1228	316	252	33
"B4GALNT2"	1276	864	612	195	857
"B4GALNT3"	638	197	694	591	1083
"B4GALNT4"	332	1212	1326	1205	1042
"B4GALT1"	1091	1359	382	500	614
"B4GALT2"	133	295	1485	1322	1479
"B4GALT3"	658	930	1036	187	477
"B4GALT4"	1277	1167	614	934	1036
"B4GALT5"	1444	48	143	1334	774
"B4GALT6"	1037	1434	641	1323	613
"B4GALT7"	451	450	1175	1412	1023
"B9D1"	1094	380	1338	409	1188
"B9D2"	1434	1072	1199	1313	422
"BAALC"	1477	1350	845	639	1451
"BAAT"	1126	1383	231	416	1386
"BABAM1"	14	425	27	1075	105
"BACE1"	1472	1285	1361	676	185
"BACE2"	678	1003	1135	1146	1357
"BACH1"	202	1247	363	549	149
"BACH2"	888	464	183	71	189
"BAD"	692	1296	351	1256	589
"BAG1"	1349	912	228	1043	81
"BAG2"	1156	632	963	1086	77
"BAG3"	120	234	1206	82	1210
"BAG4"	1058	847	424	878	747
"BAG5"	177	1108	1063	228	779
"BAG6"	1250	1211	776	357	1432
"BAHD1"	659	1469	888	272	553
"BAI1"	1468	1160	959	506	1299
"BAI2"	15	2	5	613	112
"BAI3"	1016	773	804	1482	1196
"BAIAP2"	1460	1131	971	298	1066
"BAIAP2L1"	609	965	1131	779	1227
"BAIAP2L2"	593	183	1426	1154	539
"BAIAP3"	100	1476	362	1116	101
"BAK1"	1486	565	690	328	859
"BAMBI"	699	1280	144	295	832
"BANF1"	1423	431	1406	950	388
"BANF2"	1496	1230	1249	1466	1325
"BANK1"	1131	154	167	853	276
"BANP"	586	1371	831	368	1021
"BAP1"	118	1175	23	205	216
"BARD1"	703	1153	846	1089	1216
"BARHL1"	327	1414	1017	805	1347
"BARHL2"	1466	828	933	1130	706
"BARX1"	39	723	800	1390	1225
"BARX2"	111	581	216	309	987
"BASP1"	868	411	868	158	263
"BATF"	779	1143	832	79	446
"BATF2"	556	1067	392	1067	325
"BATF3"	805	403	218	994	1240
"BAX"	382	1417	1191	1389	1267
"BAZ1A"	1130	607	512	1145	31
"BAZ1B"	1167	1428	1126	1025	1437
"BAZ2A"	605	279	1334	1361	982
"BAZ2B"	844	932	505	483	756
"BBC3"	873	1169	1489	1301	488
"BBIP1"	915	1185	752	283	459
"BBOX1"	1415	959	701	363	497
"BBS1"	43	1303	577	1354	142
"BBS10"	980	1345	1020	990	507
"BBS12"	134	1282	72	222	872
"BBS2"	171	1462	445	270	654
"BBS4"	1241	496	262	1081	994
"BBS5"	267	1141	1287	1365	659
"BBS7"	1412	552	1459	736	1467
"BBS9"	257	820	1416	1413	454
"BBX"	1399	311	664	742	1424
"BCAM"	466	1458	137	131	1291
"BCAN"	1478	982	626	1457	1094
"BCAP29"	1401	269	1328	803	256
"BCAP31"	1207	1037	1193	1057	791
"BCAR1"	1296	742	1430	879	661
"BCAR3"	641	306	911	1406	1472
"BCAS1"	1312	706	1446	1222	1009
"BCAS2"	671	789	1262	978	730
"BCAS3"	1379	605	1044	1358	155
"BCAS4"	446	336	1080	1230	866
"BCAT1"	441	236	360	1071	726
"BCAT2"	236	1456	773	1494	131
"BCCIP"	1172	171	255	396	1448
"BCDIN3D"	852	1094	1004	585	1303
"BCHE"	1371	748	1305	249	1331
"BCKDHA"	445	475	586	1329	520
"BCKDHB"	784	141	361	457	407
"BCKDK"	895	548	1198	595	1401
"BCL10"	1184	1480	946	56	851
"BCL11A"	1323	426	203	1453	217
"BCL11B"	561	456	1025	976	693
"BCL2"	796	751	1280	1414	1123
"BCL2A1"	513	760	960	529	310
"BCL2L1"	685	832	1069	138	656
"BCL2L10"	278	1332	642	556	70
"BCL2L11"	1437	563	749	87	902
"BCL2L12"	883	935	1276	947	305
"BCL2L13"	1205	480	788	859	755
"BCL2L14"	448	1349	1083	327	556
"BCL2L15"	378	606	601	124	275
"BCL2L2"	318	376	1003	768	472
"BCL3"	710	997	1152	814	874
"BCL6"	1350	26	1344	59	106
"BCL6B"	228	604	1111	1136	1458
"BCL7A"	602	1000	589	422	1247
"BCL7B"	144	1024	1332	207	415
"BCL7C"	117	1378	1398	587	1344
"BCL9"	806	435	442	239	537
"BCL9L"	909	1038	166	338	1373
"BCLAF1"	1302	977	961	1310	1287
"BCMO1"	281	899	573	360	1396
"BCO2"	1061	206	469	1268	392
"BCOR"	502	724	256	135	450
"BCORL1"	329	664	68	545	905
"BCR"	264	684	1113	1199	281
"BCS1L"	1140	40	916	419	1141
"BDH1"	1333	657	504	297	552
"BDH2"	1088	1397	1282	1255	1180
"BDKRB1"	1345	1261	1440	705	717
"BDKRB2"	1098	509	1230	582	366
"BDNF"	477	1075	703	1411	362
"BDP1"	348	75	478	475	550
"BEAN1"	164	1256	447	211	1419
"BECN1"	1153	246	1250	335	856
"BEGAIN"	486	1139	825	1243	352
"BEND2"	1426	402	1210	738	1062
"BEND3"	746	1394	1125	617	822
"BEND4"	668	1117	151	917	302
"BEND5"	148	1030	283	1446	1491
"BEND6"	1166	129	330	648	308
"BEND7"	913	940	503	1396	1275
"BEST1"	437	117	557	1231	819
"BEST2"	772	1113	253	1311	738
"BEST3"	748	515	721	19	1014
"BEST4"	1143	510	1271	870	187
"BET1"	1085	350	814	662	764
"BET1L"	536	17	1129	724	628
"BEX1"	1075	691	374	68	296
"BEX2"	694	1497	1180	1012	985
"BEX4"	1254	1202	1399	590	481
"BEX5"	624	67	92	1006	1190
"BFAR"	33	1166	513	306	752
"BFSP1"	221	381	1145	325	585
"BFSP2"	786	417	1463	1245	1466
"BGLAP"	959	216	234	358	250
"BGN"	166	531	1461	113	409
"BHLHA15"	405	639	1365	132	177
"BHLHA9"	391	482	515	1275	1272
"BHLHB9"	1198	35	189	323	710
"BHLHE22"	122	423	1011	543	1277
"BHLHE23"	794	387	1384	1248	787
"BHLHE40"	1339	355	230	193	248
"BHLHE41"	22	1109	1353	980	692
"BHMT"	988	598	1420	1300	332
"BHMT2"	66	849	191	424	118
"BICC1"	468	1054	1148	450	1377
"BICD1"	125	204	172	930	811
"BICD2"	1197	1007	1444	606	403
"BID"	934	153	757	37	509
"BIK"	47	1208	40	1471	46
"BIN1"	665	1304	927	322	445
"BIN2"	1310	39	320	14	79
"BIN3"	739	1448	17	166	1027
"BIRC2"	1446	513	307	923	823
"BIRC3"	1209	953	423	650	456
"BIRC5"	996	332	742	747	737
"BIRC6"	209	1431	615	926	1260
"BIRC7"	921	58	774	1288	338
"BIRC8"	474	161	421	1017	251
"BIVM"	799	1379	444	234	1178
"BLACE"	1069	597	519	384	176
"BLCAP"	1141	1321	1429	91	1074
"BLID"	543	662	684	868	666
"BLK"	372	146	428	332	396
"BLM"	377	415	297	632	1002
"BLMH"	129	184	389	925	430
"BLNK"	623	230	481	417	139
"BLOC1S1"	215	1046	1341	1410	713
"BLOC1S2"	822	365	474	642	34
"BLOC1S3"	1245	1133	1177	1009	642
"BLOC1S4"	113	1101	975	114	938
"BLOC1S5"	96	1381	1432	122	1226
"BLOC1S6"	1005	472	1397	502	1065
"BLVRA"	673	1395	235	189	1207
"BLVRB"	608	453	1441	1132	593
"BLZF1"	500	848	610	20	801
"BMF"	850	1315	1067	570	435
"BMI1"	1199	1416	412	513	562
"BMP1"	493	277	1086	996	240
"BMP10"	1077	800	1053	792	712
"BMP15"	803	1245	267	773	1439
"BMP2"	176	1425	103	300	18
"BMP2K"	829	1408	811	1420	798
"BMP3"	1073	1135	1359	623	547
"BMP4"	368	445	1484	510	180
"BMP5"	81	981	170	50	1029
"BMP6"	73	1210	1345	1454	1000
