POS	SCORE
1	0.185
2	-0.792
3	-0.459
4	-0.406
5	-1.022
6	0.47
7	-0.56
8	0.719
9	0.344
10	0.722
11	-0.176
12	-0.259
13	0.633
14	-1.096
15	-0.777
16	-0.648
17	-0.922
18	-0.331
19	0.351
20	0.71
21	-0.524
22	0.118
23	-0.788
24	0.405
25	2.299
26	0.406
27	0.195
28	1.601
29	0.851
30	-0.875
31	1.231
32	-0.846
33	-0.27
34	-0.325
35	-1.097
36	-0.807
37	-1.064
38	-0.845
39	-1.008
40	-1.018
41	-0.246
42	0.581
43	-0.932
44	-0.854
45	-0.489
46	-0.096
47	0.159
48	0.558
49	-0.256
50	0.309
51	1.556
52	0.358
53	-0.977
54	0.758
55	0.917
56	1.395
57	-0.305
58	-0.977
59	1.066
60	-0.808
61	-0.95
62	-0.272
63	-0.78
64	0.085
65	-0.235
66	-0.692
67	-0.298
68	-1.016
69	0.144
70	2.039
71	1.039
72	-0.166
73	-0.168
74	-1.097
75	0.322
76	-1.019
77	-0.84
78	-1.061
79	-0.645
80	-0.365
81	0.275
82	1.17
83	-0.505
84	0.691
85	-0.443
86	-1.02
87	0.776
88	0.392
89	-0.563
90	1.172
91	-0.358
92	-0.02
93	0.359
94	-0.772
95	-0.524
96	0.438
97	1.786
98	1.278
99	0.655
100	0.136
