hgvs_pro	score	se	df
p.Arg4=	0.743822595	0.301703293	12
p.Arg4Glu	0.462821759	0.525831834	18
p.Arg4Ser	1.099988083	0.969331692	6
p.Arg4Pro	1.879174891	0.417119984	6
p.Arg4Ile	0.805982939	0.16107446	6
p.Arg4Met	2.691567304	0.697447141	6
p.Arg4Ala	1.098242178	0.722005743	18
p.Arg4Val	0.802301349	0.228711229	6
p.Arg4Asn	0.785386664	0.827760105	12
p.Arg4Lys	0.41663219	0.160944463	6
p.Arg4Leu	2.301265538	0.683389166	6
p.Arg4Tyr	0.760992779	0.185388358	6
p.Arg4His	0.687638479	0.619473288	24
p.Arg4TER	0.831638529	1.474940188	6
p.Arg4Gly	0.670339569	0.22027397	6
p.Arg4Thr	0.730185074	0.15754385	6
p.Arg4Trp	1.489116185	1.367736499	6
p.Arg4Asp	0.86153553	0.636871416	18
p.Ile3=	0.765720568	0.115775927	6
p.Ile3Arg	1.496910909	0.295297328	6
p.Ile3Glu	0.969339985	0.705360995	24
p.Ile3Ser	1.401622556	1.139397567	6
p.Ile3Pro	0.61472499	0.201227993	6
p.Ile3Met	0.849756525	0.280556155	6
p.Ile3Ala	0.835065079	0.455544657	12
p.Ile3Asn	0.76422848	0.20146884	12
p.Ile3Lys	1.209361825	0.259536715	6
p.Ile3Leu	1.322714325	0.203583293	6
p.Ile3Tyr	0.532573824	0.155991758	6
p.Ile3Gln	0.134062538	0.232585762	12
p.Ile3His	0.717794725	0.43866108	24
p.Ile3TER	0.217236845	0.297769639	6
p.Ile3Gly	1.292335689	0.295430148	6
p.Ile3Thr	0.716215435	0.159073555	6
p.Ile3Trp	0.857345169	0.609564537	12
p.Ile3Asp	1.082096394	0.248082673	12
p.Asn5=	0.726037542	0.187732954	18
p.Asn5Arg	0.443821498	0.384902955	12
p.Asn5Glu	0.232832479	0.240312232	18
p.Asn5Pro	0.224844229	0.199520284	6
p.Asn5Ile	0.784348911	0.252433876	6
p.Asn5Phe	0.239230262	0.478811171	6
p.Asn5Ala	0.318781253	0.357031571	12
p.Asn5Val	-0.024643848	0.147302382	6
p.Asn5Cys	0.277899996	0.598191779	6
p.Asn5Lys	0.020564684	0.842379642	6
p.Asn5Leu	0.763285732	0.421805601	6
p.Asn5Tyr	0.652784377	0.23538639	6
p.Asn5Gln	0.189250416	0.143244871	6
p.Asn5His	0.380039975	0.324264756	12
p.Asn5Gly	0.181462577	0.312028266	12
p.Asn5Thr	0.352458575	0.243971662	6
p.Asn5Trp	-0.152921671	0.176281169	6
p.Asn5Asp	0.428767921	0.305036333	12
p.His1=	0.80398278	0.356187062	18
p.His1Arg	0.863786359	0.379404481	12
p.His1Glu	0.861868944	0.398429577	24
p.His1Pro	0.802095126	0.505461032	6
p.His1Ile	1.199927942	0.232990218	6
p.His1Met	0.898083688	0.288907114	6
p.His1Ala	0.97813436	0.213145957	12
p.His1Val	0.824326434	0.238882434	6
p.His1Cys	0.824199673	0.131260417	6
p.His1Asn	0.698035243	0.180752728	18
p.His1Lys	0.819183986	0.1829817	6
p.His1Leu	0.612043641	0.262194464	6
p.His1Tyr	0.768211933	0.172040946	6
p.His1Gln	0.912742676	0.235981492	12
p.His1TER	0.996314382	0.245894839	6
p.His1Gly	0.840322586	0.302947845	12
p.His1Thr	0.951856233	0.171678734	6
p.His1Asp	0.931017358	0.211863951	12
p.Asp2=	0.786600302	0.238516394	12
p.Asp2Arg	0.603342166	0.218707619	12
p.Asp2Glu	0.940035824	0.358869489	18
p.Asp2Ser	1.179765603	0.355987732	6
p.Asp2Pro	0.466788808	0.21718902	6
p.Asp2Phe	0.690700753	0.261163991	6
p.Asp2Met	0.398170924	0.211690666	6
p.Asp2Ala	0.851211663	0.496079995	12
p.Asp2Val	0.258844255	0.296116932	6
p.Asp2Cys	0.894751618	0.304985847	6
p.Asp2Asn	0.66197837	0.193414006	12
p.Asp2Lys	0.695402116	0.179502523	6
p.Asp2Leu	0.978156358	0.165397345	6
p.Asp2Gln	0.297165627	0.192535767	12
p.Asp2His	0.779198033	0.422599689	18
p.Asp2TER	0.765449868	0.270157673	6
p.Asp2Gly	0.740300647	0.560981184	12
p.Asp2Thr	0.691033506	0.157337568	6
p.Asp2Trp	1.046529648	0.168396833	6
p.Arg9=	0.771540877	0.348847474	15
p.Arg9Glu	0.561781049	0.22882389	15
p.Arg9Ser	0.638454097	0.181486927	5
p.Arg9Pro	0.948524894	0.29447873	5
p.Arg9Ile	0.825746746	0.131855041	5
p.Arg9Phe	0.904385738	0.243775719	5
p.Arg9Met	1.167332444	0.266667751	10
p.Arg9Ala	0.581073265	0.491301922	10
p.Arg9Val	0.827207412	0.114777802	5
p.Arg9Cys	0.767482651	0.97672708	5
p.Arg9Asn	0.928702386	0.481403229	15
p.Arg9Lys	0.593160237	0.243677921	5
p.Arg9Leu	0.530568555	0.287912434	5
p.Arg9Tyr	0.701565089	0.290283069	5
p.Arg9Gln	0.848514406	0.510620794	15
p.Arg9His	0.800368595	0.171792277	20
p.Arg9TER	0.823684966	0.196602936	5
p.Arg9Gly	0.781181571	0.154681591	15
p.Arg9Thr	0.613642324	0.141896898	5
p.Arg9Trp	0.857554716	0.206939474	5
p.Arg9Asp	0.683282892	0.132745624	15
p.Arg11=	1.004857261	0.209972928	10
p.Arg11Glu	2.321095534	0.978708367	5
p.Arg11Pro	0.862083592	0.07746736	5
p.Arg11Phe	0.84696902	0.121739259	5
p.Arg11Asn	0.579076994	1.164892495	5
p.Arg11His	0.976526397	0.345569466	15
p.Arg11Gly	0.940284492	0.375257558	5
p.Arg11Asp	0.82497992	0.194764972	10
p.Arg24=	0.862343029	0.259589053	15
p.Arg24Glu	0.40316081	0.241689393	10
p.Arg24Ser	2.249990658	1.032778634	5
p.Arg24Pro	0.876644714	0.138767741	5
p.Arg24Ile	0.98120713	0.163283949	5
p.Arg24Met	0.193783636	0.357644629	5
p.Arg24Ala	0.668336712	0.706502763	15
p.Arg24Cys	0.365970373	1.406447258	5
p.Arg24Lys	0.939406721	0.956751459	5
p.Arg24Leu	1.858696465	1.278281726	5
p.Arg24Tyr	0.65513977	0.200251499	5
p.Arg24Gln	0.983544055	0.908821413	10
p.Arg24His	0.760685066	0.280504304	15
p.Arg24TER	1.534703363	1.095255357	5
p.Arg24Gly	0.896112874	0.155637499	10
p.Arg24Trp	1.042948284	0.232710363	5
p.Arg24Asp	0.950780732	0.127233594	10
p.Arg34=	0.696493952	0.114672761	15
p.Arg34Glu	0.44833991	0.717092177	10
p.Arg34Pro	0.335908177	0.187302637	10
p.Arg34Ile	1.037662028	0.136138974	5
p.Arg34Phe	1.383021784	0.8843849	5
p.Arg34Met	0.443899258	0.364283051	5
p.Arg34Ala	1.029387337	0.700170753	10
p.Arg34Val	0.934322136	0.155326467	5
p.Arg34Cys	1.277048416	0.24889411	5
p.Arg34Asn	0.545750849	0.355701581	15
p.Arg34Lys	1.254190163	0.237843024	5
p.Arg34Leu	0.635789266	0.966263142	5
p.Arg34Tyr	0.327658633	0.089586484	5
p.Arg34Gln	0.230266344	1.327902611	10
p.Arg34His	0.795198085	0.451229671	20
p.Arg34Gly	0.80690534	0.141274043	15
p.Arg34Thr	0.328148731	0.201282275	5
p.Arg34Trp	0.599986919	0.164580771	5
p.Arg34Asp	0.873934146	0.172738109	15
p.Arg56=	0.834714876	0.126504495	15
p.Arg56Glu	0.890193793	0.263142648	15
p.Arg56Ser	1.064357846	0.483847654	5
p.Arg56Pro	0.64793779	0.16862074	10
p.Arg56Ile	1.063608261	0.119369958	5
p.Arg56Phe	0.757657489	0.219506822	5
p.Arg56Met	0.872079886	0.163507846	5
p.Arg56Ala	0.596457714	0.339950404	15
p.Arg56Val	0.882560412	0.224720559	5
p.Arg56Cys	1.113530761	1.20614973	5
p.Arg56Asn	0.978942976	0.314839298	10
p.Arg56Lys	0.704518849	0.391398604	5
p.Arg56Leu	1.797829088	1.111657186	5
p.Arg56Tyr	0.691756703	0.119619556	5
p.Arg56Gln	0.335342134	0.284651247	10
p.Arg56His	0.864309884	0.3223323	20
p.Arg56TER	0.612630696	0.173310587	5
p.Arg56Gly	0.727029024	0.267484703	15
p.Arg56Thr	1.252372258	0.204500052	5
p.Arg56Trp	0.929517054	0.215928259	5
p.Arg56Asp	0.658699864	0.322278232	15
p.Arg72=	0.798857587	0.190659609	15
p.Arg72Glu	0.634494143	0.376997616	10
p.Arg72Pro	1.041425454	0.095425361	5
p.Arg72Ile	0.887183625	0.976851375	5
p.Arg72Phe	1.850210941	1.167008029	5
p.Arg72Ala	1.192879803	0.472325572	10
p.Arg72Asn	0.618322783	0.517688554	15
p.Arg72Lys	0.959388446	0.275282372	5
p.Arg72Leu	1.166506384	0.99739947	5
p.Arg72Tyr	0.962750014	0.143204446	5
p.Arg72Gln	0.469287587	0.213810079	10
p.Arg72His	0.400773581	0.266866122	5
p.Arg72Gly	1.107044643	0.359739657	10
p.Arg72Thr	0.619997882	0.665731491	5
p.Arg72Asp	0.38905444	0.228843815	10
p.Arg79=	0.92557871	0.071136182	10
p.Arg79Glu	0.924182909	0.314958719	10
p.Arg79Pro	1.841158593	1.013146967	5
p.Arg79Ile	0.560806782	0.143315894	5
p.Arg79Phe	0.444557113	0.750953262	5
p.Arg79Met	0.844806456	0.063420266	5
p.Arg79Ala	0.964730243	0.31333586	10
p.Arg79Val	0.543640201	1.162095092	5
p.Arg79Cys	0.342729469	0.142856468	5
p.Arg79Asn	0.609725552	0.245861319	15
p.Arg79Lys	0.879942485	1.496386424	5
p.Arg79Leu	1.47484162	0.346036779	5
p.Arg79Tyr	0.942654873	0.143600399	5
p.Arg79Gln	0.851080741	0.235584042	5
p.Arg79His	0.874996298	0.334232084	10
p.Arg79TER	1.164442256	0.516388342	5
p.Arg79Gly	0.973547254	0.317494582	10
p.Arg79Thr	0.832804507	0.160721694	5
p.Arg79Asp	0.919578042	0.131400703	10
p.Arg82=	0.921175764	0.165506425	10
p.Arg82Glu	0.849372554	0.273004967	15
p.Arg82Ser	1.582728365	0.6500013	5
p.Arg82Pro	2.268627885	1.447028406	5
p.Arg82Ile	0.516184546	0.149748852	5
p.Arg82Phe	0.64301768	0.504153714	5
p.Arg82Met	0.884166837	0.061219855	5
p.Arg82Ala	0.865860814	0.16986295	10
p.Arg82Val	0.589523734	0.243921707	5
p.Arg82Cys	1.361851458	0.159374246	5
p.Arg82Asn	0.699561741	0.287311085	15
p.Arg82Lys	1.035953581	0.185575032	5
p.Arg82Leu	0.569063809	0.129333546	5
p.Arg82Tyr	1.061963117	0.12073775	5
p.Arg82Gln	0.829310606	0.406383244	10
p.Arg82His	0.939399384	0.156516132	15
p.Arg82TER	0.1798169	0.484009662	5
p.Arg82Gly	1.063539765	0.439468187	10
p.Arg82Thr	0.827897661	0.165387406	5
p.Arg82Trp	1.740893475	0.2176289	5
p.Arg82Asp	0.921492437	0.262323978	10
p.Arg84=	0.653387228	0.56040234	15
p.Arg84Glu	0.88726726	0.245286788	15
p.Arg84Ser	0.683365807	1.128078475	5
p.Arg84Pro	0.841490015	0.051445838	5
p.Arg84Ile	0.645106501	0.13693696	5
p.Arg84Phe	1.171901418	1.316314589	5
p.Arg84Met	1.379027143	0.478337643	5
p.Arg84Ala	0.813637105	0.173654606	10
p.Arg84Val	1.249247698	0.775247688	5
p.Arg84Cys	0.346723899	0.11499001	5
p.Arg84Asn	0.934926271	0.241065119	15
p.Arg84Lys	1.345702282	0.214769324	5
p.Arg84Leu	1.112568606	0.154024282	5
p.Arg84Tyr	0.902784181	0.116557778	5
p.Arg84Gln	0.688381859	0.587528518	10
p.Arg84His	0.950863659	0.232434129	15
p.Arg84Gly	0.831707765	0.166421189	10
p.Arg84Trp	0.261763701	0.160300814	5
p.Arg84Asp	0.932791719	0.37858176	10
p.Arg93=	0.89603348	0.190167004	15
p.Arg93Pro	0.822262268	0.190267788	10
p.Arg93Ile	1.487776551	0.286766674	5
p.Arg93Ala	0.247085725	0.956363439	5
p.Arg93Val	0.590186827	1.203148543	5
p.Arg93Asn	0.855470312	0.462049304	10
p.Arg93Tyr	0.9980966	0.344511479	5
p.Arg93Gln	0.53810369	0.146024745	5
p.Arg93His	0.962810922	0.412923809	10
p.Arg93Gly	0.700272473	0.228060055	10
p.Arg93Asp	0.893554441	0.48644127	15
p.Glu20=	0.895482727	0.095397998	15
p.Glu20Arg	0.820495019	0.196759685	5
p.Glu20Ile	0.872903302	0.133525406	5
p.Glu20Phe	1.075149404	1.241993513	5
p.Glu20Met	0.682122628	1.243468378	5
p.Glu20Ala	0.907053838	0.698919697	5
p.Glu20Cys	0.930065457	0.866115596	5
p.Glu20Asn	0.861946692	0.345304942	15
p.Glu20Leu	1.197938138	0.517117458	5
p.Glu20Tyr	0.97638951	1.496073544	5
p.Glu20Gln	0.617049284	0.485393183	5
p.Glu20His	0.415171219	0.253228837	10
p.Glu20TER	2.019237913	0.579604094	5
p.Glu20Gly	1.054250921	0.1794846	5
p.Glu20Thr	0.66222254	0.093234257	5
p.Glu29=	1.067935456	0.387438375	15
p.Glu29Arg	0.586163623	0.270404892	10
p.Glu29Ser	0.215997654	0.585827429	5
p.Glu29Ile	0.333497702	0.160186196	10
p.Glu29Phe	0.73114641	0.160846186	5
p.Glu29Met	0.704806397	0.196866421	5
p.Glu29Ala	0.693322733	0.428200043	15
p.Glu29Val	0.752978259	0.246877148	10
p.Glu29Cys	0.223626564	0.961602514	5
p.Glu29Asn	0.589027514	0.520625581	25
p.Glu29Lys	0.511153375	0.548897997	5
p.Glu29Leu	0.853876841	0.15463283	5
p.Glu29Tyr	0.652270949	0.284893669	5
p.Glu29Gln	0.619031995	1.214791245	10
p.Glu29His	0.745752321	0.258603337	10
p.Glu29TER	0.95245284	1.529576904	5
p.Glu29Thr	0.325939335	0.113271492	5
p.Glu29Trp	-0.23737113	0.148022067	5
p.Glu29Asp	0.480427253	0.469741023	10
p.Glu54=	0.867013558	0.262731525	20
p.Glu54Arg	0.687693091	0.298315655	10
p.Glu54Ser	0.616576984	0.88044481	5
p.Glu54Pro	1.037836632	0.74642998	5
p.Glu54Ile	0.734711369	0.107883588	10
p.Glu54Phe	1.668630759	1.095372944	5
p.Glu54Met	1.166064112	0.244029523	5
p.Glu54Ala	0.875903543	0.48199875	15
p.Glu54Val	0.835008796	0.057806187	5
p.Glu54Cys	0.787482727	0.141324118	5
p.Glu54Asn	0.603600594	0.188623346	20
p.Glu54Lys	1.863130621	1.039554482	5
p.Glu54Leu	0.929646989	0.23847193	5
p.Glu54Tyr	1.045474361	0.131662986	5
p.Glu54Gln	0.387307881	0.631761129	15
p.Glu54His	0.907316635	0.306509162	20
p.Glu54Gly	0.838337923	0.151168559	5
p.Glu54Thr	1.248731832	0.113954879	5
p.Glu54Trp	1.862970402	0.728500436	5
p.Glu54Asp	1.135272491	0.823607673	10
p.Glu73=	0.666534702	0.275679947	15
p.Glu73Arg	0.905958722	0.218941526	5
p.Glu73Pro	1.173624732	0.233417792	5
p.Glu73Ile	0.347049749	0.102021413	5
p.Glu73Met	0.540743075	0.181763136	5
p.Glu73Ala	0.95003358	0.256349196	10
p.Glu73Val	1.452987861	1.000607179	5
p.Glu73Cys	1.172645049	0.956431623	5
p.Glu73Asn	1.058556157	0.522763127	15
p.Glu73Lys	0.815101364	0.100575708	5
p.Glu73Leu	0.847155236	0.104442764	5
p.Glu73Gln	0.159855266	0.233156003	10
p.Glu73His	0.798420717	0.208799241	15
p.Glu73Gly	1.527274321	0.61919102	5
p.Glu73Thr	0.811184908	0.162979422	5
p.Glu73Trp	0.759064364	0.100699082	5
p.Glu73Asp	1.080782838	0.296204926	10
p.Glu97=	0.735242543	0.120397682	10
p.Glu97Arg	0.853948915	0.799664613	5
p.Glu97Ser	0.766975139	0.135349569	5
p.Glu97Pro	0.670271458	0.119281025	5
p.Glu97Ile	0.901657071	0.084911874	5
p.Glu97Met	1.220342178	0.274318218	5
p.Glu97Ala	0.571893471	0.370833419	10
p.Glu97Val	0.720575667	0.077237339	5
p.Glu97Cys	1.31779646	0.189160911	5
p.Glu97Asn	0.85246867	0.255643269	15
p.Glu97Lys	1.59179548	0.681502724	5
p.Glu97Tyr	1.019034669	1.102941591	5
p.Glu97Gln	0.811750439	0.247684895	10
p.Glu97His	0.814286053	0.207875014	15
p.Glu97Gly	0.895918812	0.277450047	5
p.Glu97Thr	0.910979956	0.137295747	5
p.Glu97Trp	0.740027589	0.217847333	5
p.Glu97Asp	0.683784188	0.117863192	5
p.Pro10=	0.457211746	1.000985782	5
p.Pro10Arg	0.640890801	0.353351058	10
p.Pro10Glu	0.543143167	0.162832913	5
p.Pro10Ser	0.784440961	0.070608544	5
p.Pro10Ile	1.128230737	1.443860488	5
p.Pro10Met	0.704834679	0.311481999	10
p.Pro10Ala	0.602014993	0.583108938	10
p.Pro10Val	1.595144815	1.199320035	5
p.Pro10Cys	0.137319286	0.209068411	5
p.Pro10Lys	0.236993062	0.800123035	5
p.Pro10Tyr	0.736055859	1.098365156	5
p.Pro10Gly	1.305283481	0.33872886	5
p.Pro10Trp	0.793320664	0.049215727	5
p.Pro10Asp	0.61772475	0.337820327	5
p.Pro25=	0.626349287	0.095173566	5
p.Pro25Arg	0.868116771	1.097682509	10
p.Pro25Glu	0.595669175	0.275583238	10
p.Pro25Ser	0.590476768	0.363358191	10
p.Pro25Ile	0.984960708	1.447289325	5
p.Pro25Phe	0.200386692	0.541098155	5
p.Pro25Met	0.893320718	0.216231403	10
p.Pro25Ala	0.728733744	0.326379228	15
p.Pro25Val	1.541697508	0.893089012	5
p.Pro25Cys	0.635713335	1.053941935	5
p.Pro25Asn	1.500189592	0.804599098	15
p.Pro25Lys	2.183812891	0.807494835	5
p.Pro25Tyr	1.026139146	0.129821403	5
p.Pro25Gln	0.840410979	0.244102571	10
p.Pro25His	0.837516714	0.377016678	10
p.Pro25TER	0.650278687	0.789231503	5
p.Pro25Gly	0.35239007	1.019586237	10
p.Pro25Thr	0.469778205	0.261847873	5
p.Pro25Trp	0.885554446	0.162554274	10
p.Pro25Asp	0.650984423	0.336580482	10
p.Pro38=	0.40937607	0.753441105	5
p.Pro38Arg	0.413389796	0.266342909	10
p.Pro38Glu	1.082941374	1.500465765	5
p.Pro38Ser	0.94589615	0.103735357	5
p.Pro38Met	0.77566167	0.274372126	5
p.Pro38Ala	0.896968583	0.440209584	10
p.Pro38Val	0.774706511	0.282109349	5
p.Pro38Asn	0.66357839	0.325405303	10
p.Pro38Lys	1.058662102	0.688361253	5
p.Pro38Tyr	0.793038782	0.130475032	5
p.Pro38Gln	0.215141261	0.223199006	5
p.Pro38His	0.557223921	0.221205229	10
p.Pro38Thr	0.517868558	0.227268042	5
p.Pro38Trp	0.836347292	0.092047177	5
p.Pro38Asp	0.582020355	0.365139048	10
p.Pro45=	0.667673374	0.102826861	5
p.Pro45Arg	1.0238736	0.379685256	5
p.Pro45Glu	0.296470377	0.181571374	5
p.Pro45Ser	1.051804602	0.230939268	5
p.Pro45Phe	0.79136566	0.242923658	5
p.Pro45Met	0.70145526	0.055296929	5
p.Pro45Ala	0.368383475	0.241546624	15
p.Pro45Val	1.109268097	1.452201925	10
p.Pro45Asn	0.464323355	0.434974155	15
p.Pro45Tyr	-0.112274403	0.319446875	5
p.Pro45Gln	0.610652882	0.164992558	5
p.Pro45TER	0.353490903	0.912129612	5
p.Pro45Gly	0.452807143	0.529066531	10
p.Pro45Trp	0.42083328	0.305204228	10
p.Pro45Asp	1.155546705	0.57236362	10
p.Pro64=	0.604206214	0.126218318	5
p.Pro64Arg	0.687493514	0.257592806	15
p.Pro64Glu	0.467008619	0.155889853	15
p.Pro64Ser	1.320635707	0.311907209	10
p.Pro64Ile	0.813718569	0.286162218	5
p.Pro64Phe	0.379336401	0.20457476	5
p.Pro64Met	0.813496882	0.22218817	10
p.Pro64Ala	0.65298344	0.51412688	15
p.Pro64Val	1.109447623	0.474407771	10
p.Pro64Asn	0.630505705	0.34865953	15
p.Pro64Lys	0.632674297	0.128742764	5
p.Pro64Leu	0.710758392	0.255974875	5
p.Pro64Tyr	0.997351598	0.329876094	5
p.Pro64Gln	0.694291627	0.438796234	5
p.Pro64His	0.889923763	0.554146509	10
p.Pro64TER	0.867690465	1.012307507	5
p.Pro64Gly	0.764460693	0.127740162	5
p.Pro64Thr	0.656841944	0.15361807	5
p.Pro64Trp	0.762238281	0.228197125	10
p.Pro64Asp	1.080611028	0.28443546	10
p.Pro66=	0.923051981	0.150625007	5
p.Pro66Arg	0.870152391	0.143140312	10
p.Pro66Glu	0.333903278	0.482630128	15
p.Pro66Ser	0.605962059	0.324712001	10
p.Pro66Ile	0.635181951	0.105191298	5
p.Pro66Phe	0.60347661	0.15681734	5
p.Pro66Met	0.889255536	0.161122294	10
p.Pro66Ala	0.801076619	0.228499565	15
p.Pro66Val	0.281699698	0.578871036	5
p.Pro66Cys	0.976070723	0.15406728	5
p.Pro66Asn	0.476303002	0.643275964	15
p.Pro66Leu	1.534036405	0.910122707	5
p.Pro66Tyr	0.715941659	0.258762775	5
p.Pro66Gln	0.382156634	0.270109909	5
p.Pro66His	0.605874757	0.525091499	10
p.Pro66TER	0.552233794	1.195561434	5
p.Pro66Gly	0.886383014	1.412187321	10
p.Pro66Thr	1.463483424	0.794265265	5
p.Pro66Trp	0.622147393	0.204851683	5
p.Pro66Asp	0.571309208	0.553939745	15
p.Pro68=	0.823203106	0.137078263	5
p.Pro68Arg	0.530055033	0.267122948	5
p.Pro68Glu	0.247236068	0.250257552	10
p.Pro68Ser	0.894623764	0.127970397	10
p.Pro68Ile	2.540957149	0.437724936	5
p.Pro68Met	0.751404974	0.171442059	10
p.Pro68Ala	0.894556618	0.424939919	15
p.Pro68Val	0.691549745	0.415328229	10
p.Pro68Asn	0.366295122	0.300817443	5
p.Pro68Leu	-0.125757808	0.213083678	5
p.Pro68Tyr	0.765743875	0.142114126	5
p.Pro68His	0.439354057	0.603746766	10
p.Pro68Trp	0.624902783	1.561541405	10
p.Pro68Asp	0.700468236	0.400809485	10
p.Pro89=	0.808656183	0.112768443	5
p.Pro89Arg	1.30357603	0.456649903	10
p.Pro89Ser	1.014094123	0.089717394	5
p.Pro89Ile	1.124347407	1.115346509	5
p.Pro89Met	0.936784404	0.330206103	10
p.Pro89Ala	0.849789977	0.505431697	15
p.Pro89Cys	0.43161912	0.167804468	5
p.Pro89Leu	1.055936168	1.504082546	5
p.Pro89Tyr	1.265508522	1.1957263	5
p.Pro89Gln	0.68872534	0.683606224	5
p.Pro89His	0.592836947	0.259646234	10
p.Pro89TER	0.833945645	0.184860517	5
p.Pro89Gly	0.858299248	0.342070767	5
p.Pro89Trp	0.637075363	0.116293262	10
p.Pro89Asp	0.595661339	0.176804375	10
p.Ile18=	0.866768674	0.123294948	5
p.Ile18Glu	0.515293794	0.544819473	15
p.Ile18Met	0.380096371	0.163573635	5
p.Ile18Ala	0.584196167	0.506322364	10
p.Ile18Tyr	0.342569796	0.160924281	10
p.Ile18His	0.529317494	0.604578922	15
p.Ile18TER	0.858918159	0.64425278	5
p.Ile18Trp	0.704428362	0.159475582	5
p.Ile18Asp	0.773872942	0.26859274	5
p.Ile26=	0.887877253	0.093984211	5
p.Ile26Arg	0.746338823	0.153704051	5
p.Ile26Glu	0.828733663	0.311862663	20
p.Ile26Ser	1.342988727	0.373417449	5
p.Ile26Pro	1.498441132	1.34621401	5
p.Ile26Phe	-0.189220711	0.350043798	5
p.Ile26Met	1.09964509	0.670918861	5
p.Ile26Ala	0.660002162	0.370995618	10
p.Ile26Cys	1.192102264	0.197922856	5
p.Ile26Asn	0.824375723	0.630869495	15
p.Ile26Lys	0.485504907	0.810072555	5
p.Ile26Leu	0.292151999	0.165960414	5
p.Ile26Tyr	0.712713265	0.185756401	10
p.Ile26Gln	1.022226335	1.031706195	10
p.Ile26His	0.986896879	0.329488367	15
p.Ile26TER	0.713739983	0.217167099	10
p.Ile26Gly	1.44131219	0.78645834	10
p.Ile26Thr	0.242598824	0.59740281	5
p.Ile26Trp	0.856467324	0.21014486	10
p.Ile26Asp	1.560905662	0.353237818	10
p.Ile52=	0.826737341	0.08307122	5
p.Ile52Arg	0.978784248	0.184814235	5
p.Ile52Glu	1.007731548	0.537924866	20
p.Ile52Pro	0.348015775	0.22268817	5
p.Ile52Phe	1.080109622	0.233086145	5
p.Ile52Met	0.746501588	0.121019978	5
p.Ile52Ala	0.762812991	0.511951862	10
p.Ile52Val	1.039763308	0.178789749	5
p.Ile52Cys	1.536373103	0.247598636	5
p.Ile52Asn	1.070593286	1.084168202	15
p.Ile52Lys	0.666908238	1.591346834	5
p.Ile52Tyr	0.856735586	0.182562118	10
p.Ile52His	0.684172579	0.498377425	20
p.Ile52TER	0.642596877	0.214417225	10
p.Ile52Gly	1.31792568	0.649818154	10
p.Ile52Thr	1.035442555	0.443643446	5
p.Ile52Trp	0.812178251	0.244189252	10
p.Ile52Asp	1.053721718	0.315048674	10
p.Ile57=	0.718921746	0.102373613	5
p.Ile57Arg	0.773645154	0.75223521	10
p.Ile57Glu	0.573809296	0.553063513	20
p.Ile57Ser	0.472413509	0.149396113	5
p.Ile57Pro	0.609901057	0.29036572	5
p.Ile57Met	0.93563482	1.368906648	5
p.Ile57Ala	1.011597889	0.648650911	10
p.Ile57Cys	1.033091474	0.238690075	5
p.Ile57Asn	0.681474388	0.458946815	15
p.Ile57Leu	0.737763656	0.249553904	5
p.Ile57Tyr	0.865945794	0.192450564	10
p.Ile57Gln	0.874685829	0.254676692	10
p.Ile57His	0.822627426	0.44955397	20
p.Ile57TER	1.056931924	0.162793733	5
p.Ile57Gly	0.533936216	0.136231303	5
p.Ile57Thr	0.052161319	0.417795482	5
p.Ile57Trp	0.588224119	0.357726255	10
p.Ile57Asp	1.072433562	0.273585512	10
p.Phe23=	0.838416239	0.129917849	5
p.Phe23Arg	0.725738301	1.285344364	5
p.Phe23Glu	0.761563251	0.251396208	10
p.Phe23Ser	2.031082546	1.127018057	5
p.Phe23Ile	1.11252837	0.174442901	5
p.Phe23Met	0.205962453	0.343133037	5
p.Phe23Ala	0.651028587	0.382581086	10
p.Phe23Val	0.865210143	0.04292051	5
p.Phe23Cys	0.965713247	1.396954108	5
p.Phe23Asn	0.936460229	0.175798669	10
p.Phe23Lys	0.941953943	0.058044294	5
p.Phe23Tyr	0.172029566	0.361506178	5
p.Phe23Gln	0.8515413	0.428854848	10
p.Phe23His	1.673738546	1.235948852	5
p.Phe23TER	0.896063104	0.275231838	5
p.Phe23Gly	1.597350615	0.600382268	5
p.Phe23Thr	0.429015827	1.366597186	5
p.Phe23Asp	0.806911064	0.62810081	10
p.Phe49=	0.93335376	0.108882753	5
p.Phe49Arg	1.275266341	0.200107703	5
p.Phe49Glu	0.549198221	0.483842981	15
p.Phe49Ser	1.566747115	0.895243594	5
p.Phe49Ile	0.465580862	0.124597436	5
p.Phe49Met	0.782321801	0.788944981	5
p.Phe49Ala	0.859619701	0.162899402	10
p.Phe49Cys	1.276618448	0.705322425	5
p.Phe49Asn	0.735334342	0.298166303	15
p.Phe49Leu	0.95513091	0.68485737	5
p.Phe49Tyr	0.586980289	0.249994088	5
p.Phe49Gln	0.431711945	0.154560348	10
p.Phe49His	0.70310962	0.122693369	10
p.Phe49TER	-0.105020654	1.15022586	5
p.Phe49Gly	0.746640377	0.250236756	10
p.Phe49Thr	0.568390183	0.092114386	5
p.Phe49Trp	0.580641787	0.347975936	5
p.Phe49Asp	1.149526383	0.424791437	10
p.Phe70=	0.723137777	0.124706834	5
p.Phe70Arg	0.822798639	0.376942103	10
p.Phe70Glu	0.791625544	0.436939613	15
p.Phe70Ser	0.765549912	0.15859381	5
p.Phe70Pro	0.200638635	0.637715337	5
p.Phe70Ile	0.927274644	0.164322753	5
p.Phe70Met	0.744608318	0.24613707	5
p.Phe70Ala	0.70261845	0.255854404	10
p.Phe70Val	0.892860729	0.048894963	5
p.Phe70Cys	0.938082602	0.409120943	5
p.Phe70Asn	0.880332885	0.310643471	15
p.Phe70Lys	1.002485763	0.083791609	5
p.Phe70Leu	1.451211294	0.224853103	5
p.Phe70Tyr	0.830258859	0.166155693	5
p.Phe70Gln	1.199966826	0.728644957	10
p.Phe70His	0.91117238	0.388604882	15
p.Phe70TER	0.66279317	0.848661302	5
p.Phe70Gly	0.86432084	0.222220032	5
p.Phe70Thr	0.772128853	0.341368065	5
p.Phe70Trp	1.016470998	0.612969296	5
p.Phe70Asp	1.141031666	0.314893106	10
p.Phe91=	0.975755383	0.112599575	5
p.Phe91Arg	0.783553307	1.140321441	5
p.Phe91Glu	0.846792396	0.256573963	15
p.Phe91Ser	0.762862231	0.98611566	5
p.Phe91Met	0.408948973	0.211782374	5
p.Phe91Ala	1.307230774	0.252518454	5
p.Phe91Val	0.750338155	0.138465303	5
p.Phe91Cys	0.673453902	0.643627276	5
p.Phe91Asn	0.844176996	0.397539427	15
p.Phe91Lys	0.972664297	0.075349892	5
p.Phe91Leu	0.78824588	0.133168558	5
p.Phe91Gln	0.679162132	0.20002979	10
p.Phe91His	1.243044601	1.038732878	10
p.Phe91TER	0.778672344	0.254852714	5
p.Phe91Gly	0.905604422	0.518130965	10
p.Phe91Thr	0.49758136	0.204501594	5
p.Phe91Trp	0.724929683	1.088317435	5
p.Phe91Asp	0.919423663	0.168811849	5
p.Phe92=	0.689298668	0.097731373	5
p.Phe92Arg	0.978095022	0.709580008	5
p.Phe92Glu	0.846059265	0.277892156	15
p.Phe92Ser	-0.132171936	0.421298007	5
p.Phe92Ile	1.108847437	0.168471294	5
p.Phe92Met	1.142986679	0.224017845	5
p.Phe92Ala	0.867428665	0.53666156	10
p.Phe92Val	0.862627681	0.055234791	5
p.Phe92Cys	1.443424105	0.204759528	5
p.Phe92Asn	0.719510766	0.175984653	15
p.Phe92Lys	0.760010885	0.076377957	5
p.Phe92Leu	0.420000466	0.379690244	5
p.Phe92Tyr	1.085906645	0.173322936	5
p.Phe92Gln	0.684915069	0.462373513	10
p.Phe92His	1.754209254	1.409957419	10
p.Phe92TER	0.661508928	0.161793446	5
p.Phe92Gly	1.574835306	1.009425559	10
p.Phe92Thr	0.720438131	0.127392018	5
p.Phe92Trp	0.709716931	0.251910691	5
p.Phe92Asp	1.234966837	0.249152394	10
p.Phe95=	0.989359071	0.166505632	5
p.Phe95Arg	0.84198663	0.219004631	10
p.Phe95Glu	0.76655492	0.232227661	15
p.Phe95Ser	0.655162013	0.224517292	5
p.Phe95Pro	0.559113574	0.612185917	5
p.Phe95Ile	1.030051047	0.203547303	5
p.Phe95Met	0.698127312	0.167214568	5
p.Phe95Ala	1.005725288	0.245623794	10
p.Phe95Val	0.881607378	0.314744611	10
p.Phe95Cys	0.747857869	0.214729379	5
p.Phe95Asn	0.747682176	0.236377858	15
p.Phe95Lys	0.790452696	0.1697236	5
p.Phe95Leu	0.999267391	0.134215412	5
p.Phe95Tyr	0.790656006	0.074388672	5
p.Phe95Gln	0.987183804	0.273860387	5
p.Phe95His	0.839075956	0.201322127	15
p.Phe95TER	1.073374153	0.71493558	5
p.Phe95Gly	0.772299641	0.272129993	10
p.Phe95Thr	0.584243033	0.448218104	5
p.Phe95Trp	0.934599677	0.148970018	5
p.Phe95Asp	0.849503448	0.483981305	10
p.Met37=	0.981694109	0.18778691	5
p.Met37Arg	0.639218247	1.081807809	10
p.Met37Glu	0.07701408	0.475183565	10
p.Met37Ser	1.542780054	0.668792314	5
p.Met37Pro	0.774322444	0.260639118	10
p.Met37Ile	0.947133621	1.022680083	5
p.Met37Phe	0.63054609	0.497354866	5
p.Met37Ala	0.521762646	0.133130697	5
p.Met37Val	0.7432451	0.166999576	5
p.Met37Asn	1.310339007	0.397511375	10
p.Met37Lys	0.375659237	0.323740736	10
p.Met37Leu	0.339582891	1.378220661	5
p.Met37Tyr	0.505797192	0.217061162	5
p.Met37Gln	0.165799956	0.212733716	5
p.Met37His	1.044178703	0.420172369	5
p.Met37TER	0.530144877	0.751712694	5
p.Met37Trp	0.251763169	1.152622266	5
p.Met37Asp	0.299121237	0.490168586	5
p.Met48=	0.801354637	0.118066019	5
p.Met48Arg	1.408815497	1.666138191	5
p.Met48Pro	0.647161249	0.090066034	5
p.Met48Ile	1.040105775	0.614116905	5
p.Met48Phe	0.017484011	0.359993423	5
p.Met48Ala	0.256251943	0.25171438	10
p.Met48Val	0.780274511	0.544471084	5
p.Met48Cys	0.60091668	0.217218	5
p.Met48Asn	0.577924747	0.310389028	10
p.Met48Lys	1.061852067	0.162251106	5
p.Met48Leu	0.666316328	0.197364245	5
p.Met48Tyr	0.62229471	0.171301618	5
p.Met48Gln	0.722367896	0.478499816	10
p.Met48His	0.813335384	0.377956264	15
p.Met48Gly	0.723967914	0.206632478	10
p.Met48Thr	0.467689936	0.198672776	5
p.Met48Asp	0.45073926	0.277078141	10
p.Met59=	1.023532215	0.155068638	5
p.Met59Arg	0.657719118	0.263092633	10
p.Met59Glu	1.010700007	0.239812096	15
p.Met59Ser	0.748314507	0.164295926	5
p.Met59Pro	0.929576104	0.186898526	10
p.Met59Ile	0.553926947	0.128768527	5
p.Met59Phe	0.986455665	0.579198472	5
p.Met59Ala	0.995476179	0.302285951	10
p.Met59Val	0.650073905	0.19391579	5
p.Met59Cys	0.392111271	0.267736085	5
p.Met59Asn	0.605158087	0.347843282	15
p.Met59Lys	0.821086757	0.102998198	5
p.Met59Leu	0.664586212	0.149012616	5
p.Met59Tyr	0.823218781	1.228900006	5
p.Met59Gln	0.83492243	1.321861321	10
p.Met59His	0.758460688	0.323938213	15
p.Met59TER	0.415746554	0.484677419	5
p.Met59Gly	0.980199427	0.40115846	10
p.Met59Thr	1.338735971	0.230606525	5
p.Met59Trp	0.879921091	0.878196072	5
p.Met59Asp	0.667610546	0.349978836	10
p.Met60=	0.50429148	1.471889478	5
p.Met60Arg	0.239459807	1.002644117	10
p.Met60Glu	0.936526312	1.116580421	10
p.Met60Pro	0.847795667	0.135415034	5
p.Met60Ile	1.208398317	0.259012181	5
p.Met60Phe	0.655566689	0.230386977	5
p.Met60Ala	1.134903478	1.521678586	5
p.Met60Val	0.430652144	0.567497591	5
p.Met60Asn	0.688804	0.784453481	10
p.Met60Lys	0.684714586	0.148075554	5
p.Met60Leu	0.26006447	0.465571061	5
p.Met60His	0.719666808	1.044501959	10
p.Met60TER	0.600692483	0.154178322	5
p.Met60Thr	0.427668427	0.15419686	5
p.Met60Trp	0.695299677	0.905517212	5
p.Met60Asp	0.192055858	0.815837117	5
p.Ala14=	0.719542466	0.282445235	15
p.Ala14Arg	1.131711241	1.530568067	15
p.Ala14Glu	0.459363738	0.528964457	10
p.Ala14Pro	0.443973932	0.334537712	10
p.Ala14Ile	0.998382437	0.307281793	10
p.Ala14Cys	0.453005034	0.244641189	5
p.Ala14Tyr	1.062394188	0.152776468	5
p.Ala14Gln	0.187038692	0.245613667	5
p.Ala14His	0.857089396	0.547987578	20
p.Ala14Thr	0.925511873	0.141902167	5
p.Ala14Trp	0.660885045	1.013468842	5
p.Ala14Asp	0.650998239	0.318722759	15
p.Ala35=	0.880265961	0.163647476	15
p.Ala35Arg	1.180249941	0.308007692	5
p.Ala35Glu	0.186058194	0.992606294	10
p.Ala35Ser	0.659268726	0.187788517	5
p.Ala35Pro	0.376484652	0.06175066	5
p.Ala35Ile	0.567299741	0.135950285	10
p.Ala35Met	0.114908868	0.280600762	5
p.Ala35Cys	1.4768417	0.323518129	5
p.Ala35Asn	0.253661912	0.165352915	10
p.Ala35Leu	0.392664613	0.540454191	5
p.Ala35Tyr	0.273970349	0.172651347	5
p.Ala35Gln	0.154368376	0.128611548	5
p.Ala35His	0.640369101	0.232535788	10
p.Ala35Gly	0.695014579	0.451203735	5
p.Ala35Thr	0.262825524	0.202876527	5
p.Ala35Asp	0.617994184	0.354087571	15
p.Ala39=	0.77668442	0.267876158	10
p.Ala39Arg	0.387673188	0.896020639	15
p.Ala39Glu	0.645208797	0.378039344	20
p.Ala39Ser	0.456326101	0.759205061	5
p.Ala39Pro	0.502254915	0.125578874	5
p.Ala39Ile	0.822101065	0.149821551	5
p.Ala39Phe	0.201249264	0.220827201	5
p.Ala39Met	0.371886172	0.19951415	10
p.Ala39Val	0.614354055	0.691662327	5
p.Ala39Cys	0.470516361	0.296188178	5
p.Ala39Asn	0.35435935	0.218958883	15
p.Ala39Lys	1.966531201	0.559550669	5
p.Ala39Tyr	0.362120126	0.095972502	5
p.Ala39Gln	1.046558559	0.781422173	10
p.Ala39His	0.691268391	0.275543587	15
p.Ala39TER	0.793349984	0.150687669	5
p.Ala39Gly	0.614767377	0.265350504	10
p.Ala39Thr	0.100055124	0.145828935	5
p.Ala39Trp	0.251019234	0.118159866	5
p.Ala39Asp	0.322967058	0.135338608	15
p.Ala74=	0.874532358	0.159705554	15
p.Ala74Arg	0.725278657	0.529809455	15
p.Ala74Glu	0.308264759	0.392021715	20
p.Ala74Pro	0.302810176	0.064902742	5
p.Ala74Ile	0.334084581	0.147581785	10
p.Ala74Met	0.254856739	0.536810423	5
p.Ala74Cys	0.438332338	0.214978847	5
p.Ala74Asn	0.069334696	0.222693669	10
p.Ala74Leu	0.650641589	0.21269129	5
p.Ala74Tyr	0.313666798	0.228460403	5
p.Ala74His	0.201623543	0.385532913	20
p.Ala74Thr	0.399894999	0.26854005	5
p.Ala74Trp	1.07892338	1.015387888	5
p.Ala74Asp	0.273994772	0.283532781	15
p.Ala77=	0.743233703	0.158638374	15
p.Ala77Arg	1.013132035	0.439893192	10
p.Ala77Glu	0.599896194	0.738203348	20
p.Ala77Ser	0.708366787	0.71199034	10
p.Ala77Pro	0.571843519	0.222229941	10
p.Ala77Ile	0.901860896	0.263374979	10
p.Ala77Cys	1.099968987	0.124301581	5
p.Ala77Asn	0.660870995	0.24329355	15
p.Ala77Tyr	0.423597537	0.209582208	5
p.Ala77Gln	0.244784957	0.227323503	5
p.Ala77His	0.708530905	0.459570519	20
p.Ala77Thr	0.805100569	0.195662143	5
p.Ala77Asp	0.826175976	0.096272571	15
p.Ala80=	0.865903128	0.068546353	10
p.Ala80Arg	1.167890245	1.523715838	5
p.Ala80Glu	0.33814864	0.208067263	10
p.Ala80Ser	1.193090609	1.138478331	5
p.Ala80Met	0.632879673	0.096944145	5
p.Ala80Cys	0.455179727	0.659730273	5
p.Ala80Asn	0.297708712	0.241487566	5
p.Ala80Tyr	0.361621903	0.217944502	5
p.Ala80His	1.269307479	0.733297144	5
p.Ala80Thr	0.775651329	0.050205028	5
p.Ala80Trp	1.029401214	0.505269076	5
p.Ala80Asp	0.648003089	0.046474896	5
p.Ala98=	0.657811429	0.17853455	10
p.Ala98Arg	0.074239964	0.1940554	5
p.Ala98Glu	0.731783689	0.368892855	10
p.Ala98Ser	1.535351369	1.173525045	5
p.Ala98Phe	2.164147547	1.159377651	5
p.Ala98Met	0.657857146	0.067181912	5
p.Ala98Asn	0.791068886	0.144982628	5
p.Ala98Leu	1.360478414	0.572491569	5
p.Ala98Tyr	0.579831921	0.167574528	5
p.Ala98Gly	2.044771847	1.096003831	5
p.Ala98Thr	0.869792272	0.134387854	5
p.Ala98Asp	0.637433089	0.199595421	10
p.Val58=	0.923298991	1.261352253	5
p.Val58Glu	0.727648837	0.3875832	15
p.Val58Ser	0.81152114	0.059107584	5
p.Val58Pro	0.737402739	0.466749815	5
p.Val58Ile	0.591507294	0.93643233	5
p.Val58Phe	0.574058324	0.178628141	5
p.Val58Ala	0.864555736	0.399704375	10
p.Val58Cys	3.208955879	0.636086722	5
p.Val58Asn	0.844029104	0.678925162	15
p.Val58Leu	0.722433243	0.159775591	5
p.Val58Tyr	0.517803646	0.100944296	5
p.Val58Gln	-0.227882704	0.561653479	5
p.Val58His	0.956312793	0.365479173	15
p.Val58Gly	0.686640713	0.262280674	10
p.Val58Trp	0.711466558	0.133961499	5
p.Val58Asp	0.486498295	0.396018453	10
p.Val100=	0.828739324	0.198271058	5
p.Val100Arg	0.283392529	0.637634979	10
p.Val100Glu	0.361020689	0.280613072	15
p.Val100Ser	0.618729103	0.122023834	5
p.Val100Pro	0.576273878	0.175026755	5
p.Val100Ile	0.637437313	0.227527199	5
p.Val100Phe	0.719753191	0.556820728	10
p.Val100Cys	0.960566964	0.174703082	5
p.Val100Asn	0.70153348	0.431621986	15
p.Val100Lys	0.515273529	0.18284599	5
p.Val100Leu	0.962744026	0.274941991	5
p.Val100Tyr	0.688835253	0.236716604	5
p.Val100Gln	0.851619734	0.163119574	10
p.Val100His	0.575241669	0.279990312	10
p.Val100TER	0.838368769	0.780690724	5
p.Val100Gly	0.526253329	0.289779875	5
p.Val100Trp	0.779592972	0.08865975	5
p.Val100Asp	1.025054041	0.359775778	10
p.Cys55=	0.870717464	0.084404509	10
p.Cys55Arg	0.952297356	0.354375752	5
p.Cys55Glu	0.906741632	0.183334276	5
p.Cys55Ser	0.555958172	0.581954858	10
p.Cys55Ile	1.507227135	1.304921059	5
p.Cys55Asn	0.409526972	0.319043324	15
p.Cys55Leu	1.050596569	0.254449812	5
p.Cys55Tyr	0.24838814	0.276562012	10
p.Cys55Gln	0.548601454	0.195474468	5
p.Cys55His	0.444028493	0.620275747	15
p.Cys55Gly	0.542171058	0.473905057	10
p.Cys55Trp	0.111412172	0.132145506	5
p.Cys55Asp	0.567934039	0.189602421	15
p.Cys75=	0.694692329	0.14776223	10
p.Cys75Arg	0.382942218	0.250009819	5
p.Cys75Glu	0.10836271	0.243646049	10
p.Cys75Ser	0.578996121	0.236897818	5
p.Cys75Ile	0.459593171	0.792667727	5
p.Cys75Ala	0.819818585	0.336655593	5
p.Cys75Val	0.303137995	0.654210234	5
p.Cys75Asn	0.58846503	0.296282155	10
p.Cys75Leu	1.136065161	0.164456795	5
p.Cys75Tyr	0.668526773	0.433834864	10
p.Cys75Gln	0.417737651	0.179511483	5
p.Cys75His	0.91314476	0.643057028	15
p.Cys75Gly	0.899663522	0.974762239	15
p.Cys75Thr	0.580596206	1.081105607	5
p.Cys75Trp	0.179389114	0.222677876	5
p.Cys75Asp	0.726409765	0.449260799	15
p.Asn13=	0.801858509	0.321440598	20
p.Asn13Glu	1.051244894	0.472660568	15
p.Asn13Phe	1.134911001	0.260105967	5
p.Asn13Ala	0.996874917	0.459429624	10
p.Asn13Lys	0.5889576	0.161052825	5
p.Asn13Leu	0.789436858	0.097422774	5
p.Asn13Gln	0.804662721	0.529441847	10
p.Asn13His	1.040681316	0.515124723	10
p.Asn13Gly	1.0108479	1.333521297	5
p.Asn13Thr	0.766838757	0.373279918	5
p.Asn13Asp	1.066395468	0.273074557	10
p.Asn19=	0.901088413	0.149454985	15
p.Asn19Arg	0.978395144	0.170562172	5
p.Asn19Glu	-0.226859469	0.394175068	15
p.Asn19Pro	-0.08076565	1.189214336	5
p.Asn19Ile	0.997001633	0.167437941	5
p.Asn19Phe	0.642100254	0.117963388	5
p.Asn19Met	0.434891488	0.169938892	5
p.Asn19Ala	0.660585288	0.143974951	5
p.Asn19Cys	0.75721316	0.118667994	5
p.Asn19Leu	0.904608026	0.060268816	5
p.Asn19Tyr	0.998264469	0.17879372	5
p.Asn19Gln	0.25405981	0.15550936	10
p.Asn19His	0.825743587	1.212204691	15
p.Asn19Gly	0.572885187	0.531540542	10
p.Asn19Thr	0.664343192	1.017651369	5
p.Asn19Trp	0.646021442	0.276325756	5
p.Asn19Asp	0.268597347	0.536842606	10
p.Asn21=	0.804866873	0.124186545	15
p.Asn21Glu	-0.03812279	0.138841992	5
p.Asn21Pro	0.063525583	0.340407139	5
p.Asn21Phe	0.722666498	0.783968082	5
p.Asn21Ala	0.013358302	0.155154485	5
p.Asn21Leu	0.596970357	0.051480904	5
p.Asn21Gln	0.313754115	0.107086804	5
p.Asn21Asp	0.586617198	0.415418002	5
p.Asn31=	0.694484813	0.189758085	20
p.Asn31Glu	1.006471374	0.307379357	15
p.Asn31Ser	2.077170807	1.223217975	5
p.Asn31Pro	0.757151936	0.232881232	5
p.Asn31Ile	0.193810092	0.121641648	5
p.Asn31Phe	0.868610965	0.62788777	5
p.Asn31Ala	1.105820273	0.957542142	5
p.Asn31Val	0.216743732	1.349928573	10
p.Asn31Cys	0.969109042	0.132090882	10
p.Asn31Lys	0.685801958	0.138786713	5
p.Asn31Leu	1.039548288	0.988412283	5
p.Asn31Tyr	0.823352231	0.326604869	10
p.Asn31Gln	0.393220231	0.316545526	15
p.Asn31His	0.929424895	0.33110153	15
p.Asn31Gly	0.797338349	0.494054082	10
p.Asn31Thr	1.320506403	0.96132158	5
p.Asn31Trp	0.589022713	0.641943354	5
p.Asn31Asp	1.372007282	1.310521061	15
p.Asn32=	0.587191266	0.222308888	15
p.Asn32Arg	0.615695884	0.960779111	10
p.Asn32Glu	0.562887726	0.259922082	10
p.Asn32Ser	0.076377734	0.155488993	5
p.Asn32Pro	0.402528795	0.210550325	5
p.Asn32Ile	1.086881372	0.379743342	5
p.Asn32Phe	0.460821334	0.127179879	5
p.Asn32Ala	0.847672137	0.600742161	10
p.Asn32Val	0.295222717	0.091409294	5
p.Asn32Cys	0.722343614	0.096711427	5
p.Asn32Lys	0.114216956	0.181535585	5
p.Asn32Leu	0.719922139	0.320716751	5
p.Asn32Tyr	0.368643647	0.117442691	5
p.Asn32Gln	0.122114596	0.203551032	10
p.Asn32His	0.287638972	0.352121108	15
p.Asn32TER	1.53211278	0.312887058	5
p.Asn32Gly	0.123200125	0.432073515	10
p.Asn32Thr	0.858092399	0.143687961	5
p.Asn32Trp	0.292979087	0.101159576	5
p.Asn32Asp	0.394596833	0.203565686	10
p.Asn33=	0.904155172	0.145691793	15
p.Asn33Arg	1.085704228	0.586807088	10
p.Asn33Glu	0.331269561	0.173734487	15
p.Asn33Ser	0.361620051	0.201829286	5
p.Asn33Pro	0.090898918	0.078033366	5
p.Asn33Ile	0.898636776	0.125092821	5
p.Asn33Phe	0.862509891	0.129856832	5
p.Asn33Met	0.258242391	0.196019169	5
p.Asn33Ala	0.557523622	0.402932016	10
p.Asn33Val	0.8445287	0.172344653	5
p.Asn33Cys	0.55393912	0.136808347	5
p.Asn33Lys	1.099651982	0.188265734	5
p.Asn33Leu	0.784974548	0.18021262	5
p.Asn33Tyr	0.415805348	0.151228092	5
p.Asn33Gln	0.29954842	0.184394695	10
p.Asn33His	0.737721864	0.175601568	15
p.Asn33Gly	1.005032564	0.195770641	10
p.Asn33Thr	1.530504446	1.199153348	5
p.Asn33Trp	0.70148975	0.131582336	5
p.Asn33Asp	0.989327103	0.669911148	10
p.Asn43=	0.863734393	0.131453573	15
p.Asn43Arg	0.518934461	0.395845614	10
p.Asn43Glu	0.639004217	0.388066372	15
p.Asn43Ser	0.670241538	0.295655162	5
p.Asn43Pro	0.416558513	0.145940247	5
p.Asn43Ile	0.653413761	0.104885668	5
p.Asn43Phe	0.234185809	0.328869422	5
p.Asn43Met	1.348395436	1.388828825	5
p.Asn43Ala	0.844945462	0.264366983	10
p.Asn43Val	1.054708469	0.524490675	5
p.Asn43Cys	0.828976266	0.207537036	5
p.Asn43Lys	1.191441295	0.150694397	5
p.Asn43Leu	0.964382068	0.052187107	5
p.Asn43Tyr	0.554425355	0.279219785	5
p.Asn43Gln	0.201948795	0.164438788	10
p.Asn43His	0.621149302	0.270690307	15
p.Asn43TER	0.647625328	0.720357356	5
p.Asn43Gly	0.674869175	0.757667654	10
p.Asn43Thr	1.029020025	0.39534865	5
p.Asn43Trp	1.040348833	0.454601628	5
p.Asn43Asp	1.17462241	0.81184009	10
p.Asn65=	0.676892106	0.301166085	15
p.Asn65Arg	0.363005987	0.402969423	10
p.Asn65Glu	0.37615461	0.189209385	15
p.Asn65Ser	0.738201705	0.138937581	5
p.Asn65Pro	0.228816324	1.351263062	5
p.Asn65Ile	0.697250321	0.120152608	5
p.Asn65Phe	0.333413471	0.568270269	5
p.Asn65Met	0.58436355	0.300482857	5
p.Asn65Ala	0.565117383	0.46373824	5
p.Asn65Val	0.41798297	0.089067786	5
p.Asn65Cys	0.798003213	0.066652361	5
p.Asn65Lys	-0.035096287	0.116127524	5
p.Asn65Leu	0.433236415	0.510058103	5
p.Asn65Tyr	0.710324907	0.195400784	5
p.Asn65Gln	0.150144905	0.232994193	10
p.Asn65His	0.644251543	0.279845825	10
p.Asn65TER	0.694337055	0.234192357	5
p.Asn65Gly	0.799969008	0.588362641	10
p.Asn65Thr	0.369316065	0.118025659	5
p.Asn65Trp	0.552996435	0.226747263	5
p.Asn65Asp	0.944856532	0.117258952	5
p.Asn83=	0.769158029	0.269377728	20
p.Asn83Arg	0.275814453	0.274712539	10
p.Asn83Glu	0.345716108	0.358033184	10
p.Asn83Ser	0.320485266	0.323091514	5
p.Asn83Pro	0.099269368	0.136078479	5
p.Asn83Phe	0.386857924	0.252190179	5
p.Asn83Met	0.651290169	0.152385478	5
p.Asn83Ala	0.766975953	0.418657879	10
p.Asn83Val	-0.114904231	0.113522848	5
p.Asn83Cys	1.00646226	0.185275796	5
p.Asn83Lys	0.281536603	0.470599102	5
p.Asn83Leu	0.819025261	0.069672222	5
p.Asn83Tyr	0.819338944	0.306399406	5
p.Asn83Gln	0.458179191	0.086736382	5
p.Asn83His	0.474477935	0.468463273	15
p.Asn83TER	0.777719488	0.114334	5
p.Asn83Gly	0.796942104	0.204753412	10
p.Asn83Thr	0.535697139	0.218681427	5
p.Asn83Trp	0.805092385	0.264800292	5
p.Asn83Asp	0.81243043	0.428197097	10
p.Asn88=	0.894512022	0.107036273	15
p.Asn88Arg	0.643228797	0.135229391	5
p.Asn88Glu	0.545008576	0.468694847	10
p.Asn88Ile	1.20551419	0.767043444	5
p.Asn88Phe	0.695037649	0.24549259	5
p.Asn88Met	0.361953926	0.289217032	5
p.Asn88Ala	0.796820429	0.328848991	10
p.Asn88Val	0.234001363	0.343536201	5
p.Asn88Cys	1.40639509	0.185035726	5
p.Asn88Lys	0.57652445	0.12280988	5
p.Asn88Leu	0.72669585	0.046182355	5
p.Asn88Tyr	1.179565482	0.128259296	5
p.Asn88Gln	0.883221529	0.08424291	5
p.Asn88His	0.82792734	0.189843999	10
p.Asn88TER	0.603246884	0.194398762	5
p.Asn88Gly	0.588696952	0.169270954	10
p.Asn88Thr	0.403499523	0.098384214	5
p.Asn88Trp	0.885560214	0.274888686	5
p.Asn88Asp	0.807558359	0.262011553	10
p.Asn94=	0.887132879	0.227390042	20
p.Asn94Arg	0.727762754	0.148281979	5
p.Asn94Glu	0.626520543	0.39073649	15
p.Asn94Ser	0.795313394	0.125615533	5
p.Asn94Ile	1.110884696	0.173661241	5
p.Asn94Phe	0.571449835	0.234461823	5
p.Asn94Met	0.479336889	0.279639891	5
p.Asn94Ala	0.789837129	0.954950029	10
p.Asn94Val	1.112049006	0.505864264	5
p.Asn94Cys	0.809757119	0.380630893	5
p.Asn94Lys	0.807985472	0.150630224	5
p.Asn94Leu	0.889591536	0.053190228	5
p.Asn94Tyr	0.889889959	0.841137544	5
p.Asn94Gln	0.547295002	0.201851507	10
p.Asn94His	0.381502124	0.581532595	15
p.Asn94TER	1.133763229	0.215505869	5
p.Asn94Gly	0.679966556	0.219977976	5
p.Asn94Thr	1.045914431	0.51755753	5
p.Asn94Trp	1.00825725	0.208679543	5
p.Asn94Asp	0.722025095	0.153762481	10
p.Lys6=	1.035714655	0.167808695	5
p.Lys6Arg	1.099791607	0.565784699	10
p.Lys6Glu	0.611701182	0.311401193	15
p.Lys6Ser	0.785997468	0.058945997	5
p.Lys6Pro	0.418360813	0.238868082	5
p.Lys6Ile	0.94650357	0.139699673	5
p.Lys6Met	0.898959935	0.202155125	5
p.Lys6Ala	0.966943563	0.305170555	10
p.Lys6Cys	0.227703296	0.250436854	5
p.Lys6Asn	0.592926331	0.169889337	15
p.Lys6Leu	1.196915501	0.189723353	5
p.Lys6Tyr	0.999643481	0.178573243	5
p.Lys6Gln	0.690906382	0.314686408	10
p.Lys6His	0.751732737	0.335959248	15
p.Lys6Gly	0.592460288	0.131399847	10
p.Lys6Thr	0.816534572	0.388083261	5
p.Lys6Trp	1.092412148	0.151026197	5
p.Lys6Asp	0.593926649	0.209946251	5
p.Lys8=	0.999982279	0.231303186	5
p.Lys8Arg	0.702229224	0.152890795	10
p.Lys8Glu	0.695289265	0.217874756	15
p.Lys8Ser	0.802585083	0.429708657	10
p.Lys8Pro	1.140372257	0.142669124	5
p.Lys8Ile	0.674398207	0.110999995	5
p.Lys8Phe	1.043841628	0.211210771	5
p.Lys8Met	0.844806841	0.761283135	5
p.Lys8Ala	0.572688801	0.26900802	10
p.Lys8Val	0.688062392	0.207630089	5
p.Lys8Cys	0.809615139	0.178464544	5
p.Lys8Asn	0.767474488	0.137330077	15
p.Lys8Leu	1.044088131	0.268477942	5
p.Lys8Tyr	1.006696377	0.491799811	5
p.Lys8Gln	1.009038024	0.480995568	10
p.Lys8His	0.933139673	0.321105493	15
p.Lys8TER	0.29687426	0.749307771	5
p.Lys8Gly	0.89230108	0.195531707	10
p.Lys8Thr	0.75530787	0.093518727	5
p.Lys8Trp	0.87633393	0.119345365	5
p.Lys8Asp	0.5582293	0.150652521	10
p.Lys12=	0.65952887	0.085321286	5
p.Lys12Arg	1.387032139	1.31702881	5
p.Lys12Glu	0.68519784	0.479503563	10
p.Lys12Ser	-0.100697182	0.464899129	5
p.Lys12Pro	1.105587717	0.129487782	5
p.Lys12Ile	0.621173305	0.234729662	5
p.Lys12Phe	1.758564178	1.195600212	5
p.Lys12Met	0.61271467	0.134092917	5
p.Lys12Ala	0.830994763	0.438252533	10
p.Lys12Cys	0.548492568	0.120781982	5
p.Lys12Asn	0.515001764	0.249459247	5
p.Lys12Leu	0.684213984	0.229546829	5
p.Lys12Tyr	0.794726271	1.224934323	5
p.Lys12His	0.595770168	0.509837998	5
p.Lys12TER	0.425027127	0.88028523	5
p.Lys12Gly	0.73766404	0.131668687	5
p.Lys12Thr	1.031598071	0.647656763	5
p.Lys12Trp	0.664618395	0.387270258	5
p.Lys12Asp	1.133397713	1.085043813	5
p.Lys50=	0.893428711	0.500037492	5
p.Lys50Arg	1.052481604	0.555014842	10
p.Lys50Glu	0.555216216	0.384760005	15
p.Lys50Ser	0.762645734	0.049326913	5
p.Lys50Pro	1.780634815	0.864878434	5
p.Lys50Ile	0.75489105	0.282709776	5
p.Lys50Met	0.58596379	0.177619507	5
p.Lys50Ala	0.772118791	0.223727346	5
p.Lys50Val	0.654995849	0.138033111	5
p.Lys50Asn	0.716806696	0.214452719	15
p.Lys50Leu	0.344320905	0.160742857	5
p.Lys50Tyr	0.928951081	0.087421172	5
p.Lys50Gln	0.414964732	0.220862737	10
p.Lys50His	0.735388313	0.246954279	15
p.Lys50TER	1.344775266	1.196268325	5
p.Lys50Gly	0.776077468	0.556037205	10
p.Lys50Thr	0.508020011	0.137522795	5
p.Lys50Trp	0.471466524	0.846374542	5
p.Lys50Asp	0.688542484	0.53322596	10
p.Lys71=	1.534227307	0.323295076	5
p.Lys71Arg	0.373996437	0.273699224	5
p.Lys71Glu	0.347929909	0.591178656	10
p.Lys71Ser	0.785833511	0.052119668	5
p.Lys71Pro	0.851006437	0.20533176	5
p.Lys71Ile	1.043504637	0.149824203	5
p.Lys71Met	0.778883349	0.315209927	5
p.Lys71Ala	0.475385983	0.965087829	10
p.Lys71Cys	0.552324769	0.194961932	5
p.Lys71Asn	0.98698191	0.284661816	10
p.Lys71Leu	0.533967053	0.178078565	5
p.Lys71Tyr	0.780659341	0.313150821	5
p.Lys71His	0.660226654	0.353518338	15
p.Lys71TER	0.280500997	0.6903453	5
p.Lys71Thr	0.795188758	0.15774818	5
p.Lys71Trp	0.999059829	0.192964305	5
p.Lys71Asp	0.384932609	0.964853487	10
p.Lys81=	1.121400026	0.19686954	5
p.Lys81Arg	0.903186593	0.635504025	5
p.Lys81Glu	0.921709977	0.414207854	15
p.Lys81Ser	0.950230217	0.063935531	5
p.Lys81Ile	0.715601145	0.172024467	5
p.Lys81Phe	0.783317424	0.165385767	5
p.Lys81Met	0.795726269	0.495580408	5
p.Lys81Ala	0.721906758	0.19647052	10
p.Lys81Cys	0.687922457	0.225585171	5
p.Lys81Asn	0.80996007	0.289572843	15
p.Lys81Leu	0.879813693	0.750958502	5
p.Lys81Tyr	1.190412744	0.176869059	5
p.Lys81Gln	1.446984602	0.704275116	10
p.Lys81His	0.534179769	0.403999319	10
p.Lys81Gly	0.488441473	0.294957379	10
p.Lys81Thr	0.704433307	0.209796472	5
p.Lys81Trp	1.296134066	0.568343249	5
p.Lys81Asp	0.838908672	0.347422256	10
p.Leu15Arg	1.235313253	0.427337641	5
p.Leu15Glu	0.587426056	0.245477767	5
p.Leu15Ser	0.444132173	0.180805146	5
p.Leu15Ile	0.790571685	1.130608196	5
p.Leu15Ala	1.041487753	0.424294486	10
p.Leu15Val	0.61836958	1.176981637	5
p.Leu15Cys	0.816077252	0.114440706	10
p.Leu15Asn	0.698770798	0.525396465	15
p.Leu15Lys	1.344000776	1.122954455	5
p.Leu15Tyr	0.808407881	0.691392157	5
p.Leu15Gln	1.648257637	0.798782123	10
p.Leu15His	0.51220894	0.930661451	5
p.Leu15TER	0.920317705	0.243078758	5
p.Leu15Gly	0.457097135	0.716366366	10
p.Leu15Thr	0.960689179	0.856278509	5
p.Leu15Asp	0.416967067	0.457287259	10
p.Leu17Glu	0.496749683	0.295293421	10
p.Leu17Ile	0.400284562	0.178556516	5
p.Leu17Met	0.581079107	0.285820699	5
p.Leu17Ala	0.92328311	0.842760988	10
p.Leu17Cys	0.788507087	0.10890895	10
p.Leu17Asn	0.656864608	0.45507569	15
p.Leu17Lys	-0.326069629	0.590904099	5
p.Leu17Gln	-0.114412501	0.284708597	10
p.Leu17His	1.253559311	0.702344119	10
p.Leu17Gly	0.863792268	0.443364957	10
p.Leu17Thr	0.309721327	1.01990158	5
p.Leu17Trp	1.71807609	0.728498959	5
p.Leu17Asp	0.775793528	0.293136838	10
p.Leu63Arg	0.897038047	0.359354038	10
p.Leu63Glu	0.62663913	0.280307348	15
p.Leu63Pro	-0.008977089	0.156975409	5
p.Leu63Ile	1.049822067	0.173750145	5
p.Leu63Phe	1.086184825	0.19399508	5
p.Leu63Met	0.964008391	1.166040054	5
p.Leu63Ala	0.742916206	0.1268137	10
p.Leu63Val	1.269558976	0.953820467	5
p.Leu63Cys	0.827089359	0.227925429	15
p.Leu63Asn	0.985437546	0.432064618	15
p.Leu63Lys	0.703797345	0.488783078	5
p.Leu63Tyr	0.531669841	0.203940745	5
p.Leu63Gln	0.303868695	0.712694173	10
p.Leu63His	0.796424203	0.628116763	15
p.Leu63TER	0.372306853	0.148120365	5
p.Leu63Gly	0.663417207	0.381536007	10
p.Leu63Thr	0.762375796	0.115173115	5
p.Leu63Trp	0.649681235	0.15140081	5
p.Leu63Asp	0.845444006	0.199068154	10
p.Tyr67=	1.018355037	0.167078277	5
p.Tyr67Arg	0.535251057	0.152928543	10
p.Tyr67Glu	0.464064067	0.22514601	15
p.Tyr67Ile	0.793485433	0.133925913	5
p.Tyr67Phe	0.633488056	0.737446282	5
p.Tyr67Met	-0.109926101	0.207881507	5
p.Tyr67Ala	0.114624116	0.591326014	10
p.Tyr67Cys	1.088282789	0.162912833	5
p.Tyr67Asn	0.559580035	0.467041056	20
p.Tyr67Leu	1.154486478	0.177843606	5
p.Tyr67Gln	0.544792541	0.4477586	10
p.Tyr67His	0.549561613	0.549954211	15
p.Tyr67Gly	0.251767271	0.116857454	5
p.Tyr67Thr	0.703727456	0.104732107	5
p.Tyr67Trp	1.290006597	0.614498962	5
p.Tyr67Asp	0.609347476	0.453451607	10
p.Gln7=	0.917520578	0.080507978	10
p.Gln7Arg	0.806441089	0.268168552	10
p.Gln7Glu	0.733520828	0.150134463	10
p.Gln7Ser	0.433116244	0.192895594	5
p.Gln7Pro	0.574338286	0.965220867	5
p.Gln7Ile	0.779704972	0.132179198	5
p.Gln7Phe	0.786692429	0.164844581	5
p.Gln7Met	0.953496402	0.161966536	5
p.Gln7Ala	0.88665992	0.324064049	10
p.Gln7Val	0.758444607	0.275897485	5
p.Gln7Cys	0.841671542	0.250128601	5
p.Gln7Asn	0.717495926	0.174070461	15
p.Gln7Lys	1.124473647	0.184132375	5
p.Gln7Leu	0.851143477	0.210994845	5
p.Gln7Tyr	0.66015317	0.324919312	5
p.Gln7His	0.817432185	0.195496134	15
p.Gln7Gly	0.864648024	0.171201263	10
p.Gln7Thr	0.854095817	0.680323019	5
p.Gln7Trp	0.629771988	0.224213066	5
p.Gln7Asp	0.814415892	0.132062973	10
p.Gln16=	0.8569392	0.130800291	15
p.Gln16Arg	1.258406753	0.837757233	10
p.Gln16Glu	0.65917397	0.685275556	15
p.Gln16Ile	0.998569478	0.304254652	5
p.Gln16Phe	1.074241243	0.231262095	5
p.Gln16Ala	1.333976833	1.074745245	5
p.Gln16Val	0.895722884	0.125084992	5
p.Gln16Cys	2.428392964	0.994557149	5
p.Gln16Asn	0.682798429	0.332936448	15
p.Gln16Lys	1.18244702	0.25766384	5
p.Gln16Tyr	0.870522565	0.209682739	5
p.Gln16His	0.824971254	0.29557171	20
p.Gln16Gly	0.911156623	0.382589093	15
p.Gln16Thr	0.347270796	1.249925869	5
p.Gln16Trp	0.628989665	0.18439427	5
p.Gln16Asp	1.410114422	0.725472937	5
p.Gln30=	0.771094859	0.280719162	10
p.Gln30Arg	0.903385815	0.302301844	5
p.Gln30Glu	1.040052961	0.198114867	10
p.Gln30Ser	0.794621624	0.37700848	5
p.Gln30Pro	0.535644258	0.209820018	5
p.Gln30Ile	0.835206676	0.179432636	5
p.Gln30Phe	0.810289144	0.274102472	10
p.Gln30Met	0.560931933	0.151974887	5
p.Gln30Ala	1.01854667	0.242238148	10
p.Gln30Val	2.422347744	0.65577003	5
p.Gln30Cys	1.350358129	0.167792768	5
p.Gln30Asn	0.734424319	0.42446571	20
p.Gln30Lys	1.437235296	0.373596499	5
p.Gln30Leu	0.961038151	0.410398205	5
p.Gln30Tyr	1.027185213	0.13124146	5
p.Gln30His	0.908922124	0.695733081	20
p.Gln30Gly	0.686305478	0.405831923	15
p.Gln30Thr	0.601298568	0.096580869	5
p.Gln30Trp	1.479213944	0.653884757	5
p.Gln30Asp	1.047032657	0.168952346	10
p.Gln61=	0.803434606	0.184353481	15
p.Gln61Arg	0.739931377	0.495279405	15
p.Gln61Glu	0.175139312	0.337574336	20
p.Gln61Pro	0.220390008	0.098032076	5
p.Gln61Ile	1.082156568	0.944768422	5
p.Gln61Phe	0.77117056	0.482935838	5
p.Gln61Met	0.833310379	0.674678283	5
p.Gln61Ala	1.008024971	0.421561505	10
p.Gln61Val	0.615605668	0.203498958	10
p.Gln61Cys	0.701228815	0.477128148	5
p.Gln61Asn	0.767701868	0.60508981	20
p.Gln61Leu	1.113448131	0.172369554	5
p.Gln61Tyr	0.775950059	0.481898156	5
p.Gln61His	0.873323601	0.388428257	20
p.Gln61Gly	0.944272803	0.257468247	15
p.Gln61Trp	0.383949401	0.224205987	5
p.Gln61Asp	0.482475461	0.402677249	10
p.His27=	0.871178275	0.527783316	15
p.His27Arg	0.930181881	0.649520494	10
p.His27Glu	0.895734236	0.381300677	25
p.His27Ser	0.934767715	0.492667292	10
p.His27Pro	1.698428773	1.271578878	5
p.His27Ile	0.52688331	0.98601448	10
p.His27Phe	1.208850886	0.221948628	5
p.His27Met	1.051048672	1.066309027	5
p.His27Ala	0.657242293	0.31795346	15
p.His27Val	0.201229345	0.322827084	5
p.His27Cys	0.911254284	0.178658169	10
p.His27Asn	0.798589806	0.333789412	15
p.His27Lys	0.41471076	0.729834945	5
p.His27Leu	0.735282248	0.112915377	5
p.His27Tyr	0.7731907	0.156678352	5
p.His27Gln	0.607410824	0.587705186	10
p.His27Gly	1.302969395	0.927109744	10
p.His27Thr	0.64877121	1.107459797	5
p.His27Asp	1.110187129	0.365049397	10
p.His28=	0.673500833	0.167032217	20
p.His28Arg	0.685189435	0.614629836	15
p.His28Glu	0.654521639	0.492668185	15
p.His28Ser	0.582113065	0.19456895	5
p.His28Pro	0.992346712	0.14012295	5
p.His28Ile	0.684099535	0.130512342	5
p.His28Phe	0.207883753	1.080701304	5
p.His28Met	0.839988371	0.152319859	5
p.His28Ala	1.042621188	0.284677754	10
p.His28Cys	0.447104747	0.102244036	5
p.His28Asn	0.805889973	0.423487442	15
p.His28Leu	0.926931081	0.174457014	5
p.His28Tyr	0.656650069	0.502050378	10
p.His28Gln	1.075825554	0.311439305	10
p.His28Gly	0.374183183	0.415613598	15
p.His28Thr	0.821280587	0.133780432	5
p.His28Trp	0.971531942	0.169388181	10
p.His28Asp	0.508121182	0.149977854	5
p.His40=	0.910853723	0.236663564	20
p.His40Arg	0.897069276	0.30962811	10
p.His40Glu	0.519181906	0.228322552	15
p.His40Ser	0.931124351	1.071156	5
p.His40Pro	0.590302001	0.175304812	5
p.His40Ile	0.917720334	0.09969651	5
p.His40Phe	0.244793068	1.044605643	5
p.His40Met	0.735865068	0.104860212	5
p.His40Ala	0.897003865	0.407968125	10
p.His40Val	0.429875105	0.764088695	5
p.His40Cys	1.392560744	1.480598272	5
p.His40Asn	0.620514039	0.142587814	15
p.His40Lys	0.144742173	0.099363746	5
p.His40Leu	0.54949726	0.207038947	5
p.His40Tyr	1.091728744	0.115671066	5
p.His40Gln	0.361208014	0.39497012	10
p.His40TER	0.703609602	0.158848864	5
p.His40Gly	0.723088727	0.164583153	10
p.His40Thr	0.52056923	0.080740071	5
p.His40Trp	1.059702962	0.092116515	5
p.His40Asp	0.88910043	0.316024657	10
p.His47=	0.659143424	0.428551232	20
p.His47Arg	0.8835813	0.386411791	10
p.His47Glu	0.709830089	0.435013456	15
p.His47Pro	0.23658157	0.106841523	5
p.His47Ile	0.850076312	0.50265265	5
p.His47Phe	0.90266988	0.236588875	5
p.His47Met	1.034013998	0.264962467	5
p.His47Ala	1.509839569	0.598385178	10
p.His47Val	0.764778369	0.233638443	5
p.His47Cys	0.823976417	0.280463944	5
p.His47Asn	0.822337324	0.500758266	15
p.His47Leu	1.409333206	0.300369087	5
p.His47Tyr	0.65149598	0.202820616	5
p.His47Gln	0.694291498	0.401330795	10
p.His47TER	1.517316539	1.303322316	5
p.His47Gly	0.845141738	0.424235733	10
p.His47Thr	1.03315477	1.460588643	5
p.His47Trp	0.766756872	0.058115269	5
p.His47Asp	0.413891141	0.324748887	10
p.His53=	0.81548354	0.179073646	15
p.His53Arg	1.023361907	0.623089979	10
p.His53Glu	0.781491507	0.329460219	15
p.His53Ser	0.745100693	0.189541652	5
p.His53Ile	0.40620427	0.531863064	10
p.His53Phe	1.085118402	1.146860725	5
p.His53Met	1.116926714	0.651805207	5
p.His53Ala	0.186433384	0.587789958	10
p.His53Val	1.678146671	1.343420343	5
p.His53Cys	0.70668881	0.14899911	10
p.His53Asn	0.748477104	0.442813345	15
p.His53Lys	0.491567766	0.241264859	5
p.His53Leu	1.005990414	1.37743042	5
p.His53Tyr	0.863765468	0.64285235	5
p.His53Gln	0.194404632	0.442574605	10
p.His53Gly	1.159519772	0.761645478	10
p.His53Thr	0.656834249	0.172957292	5
p.His53Trp	1.223704987	0.234917949	5
p.His53Asp	0.86143225	0.537353719	10
p.His69=	0.931331082	0.305204559	20
p.His69Arg	0.621339505	0.357841665	10
p.His69Glu	0.799675468	0.237836073	10
p.His69Pro	1.445666391	0.261339926	5
p.His69Ile	0.574367057	0.151425126	5
p.His69Met	0.938934851	0.1871898	5
p.His69Ala	0.864191212	0.23894124	10
p.His69Val	1.164049626	0.746528916	5
p.His69Cys	0.561026289	0.905424027	5
p.His69Asn	0.952903481	0.660315079	10
p.His69Tyr	0.919219063	0.244298341	10
p.His69Gln	0.595357457	0.250294564	15
p.His69Gly	0.83037435	0.426858002	15
p.His69Thr	0.350540011	0.301525753	5
p.His69Trp	1.034535492	0.151301795	10
p.His69Asp	0.465805785	0.339552863	10
p.His76=	0.889165193	0.310401158	15
p.His76Arg	0.332062185	0.24338751	5
p.His76Glu	0.133099632	0.212738263	15
p.His76Ser	0.597738671	0.342195928	5
p.His76Pro	1.093964431	0.782459971	5
p.His76Ile	0.770484983	0.195906637	5
p.His76Phe	1.008227149	0.234956843	5
p.His76Met	0.353851793	0.214470297	5
p.His76Ala	0.462465262	0.192762803	5
p.His76Val	0.675102554	0.182543227	5
p.His76Cys	0.458042824	0.121660796	5
p.His76Asn	0.363822557	0.335856177	20
p.His76Lys	0.215748918	0.227896786	5
p.His76Tyr	-0.159217681	0.184320537	5
p.His76Gln	0.267953986	0.177094401	10
p.His76TER	0.81551897	0.529769477	15
p.His76Gly	0.630229551	0.239892652	15
p.His76Thr	1.103615718	1.352092324	5
p.His76Trp	0.621054185	0.719387282	5
p.His76Asp	0.143477859	0.252362414	10
p.His78=	0.788909538	0.210414343	20
p.His78Arg	0.584970664	0.190298345	10
p.His78Glu	0.063084273	0.408895688	10
p.His78Ser	1.112022901	0.252015906	5
p.His78Ile	0.901656314	0.12551032	5
p.His78Phe	0.42825385	0.186792955	5
p.His78Met	0.712006703	0.212111018	5
p.His78Ala	0.771640682	0.235428146	10
p.His78Val	0.844289538	0.191013665	5
p.His78Cys	0.543135825	0.302162452	5
p.His78Asn	0.332806816	0.278854041	15
p.His78Lys	0.533781154	0.541348984	5
p.His78Leu	0.507666691	0.127931089	5
p.His78Tyr	1.031492352	0.306655717	10
p.His78Gln	0.712121622	0.44552906	15
p.His78Gly	0.531790982	0.196211577	10
p.His78Thr	0.364928644	0.096457619	5
p.His78Trp	0.925164076	0.146119902	10
p.His78Asp	0.737192961	0.122121404	10
p.His87=	0.856389303	0.106600306	15
p.His87Arg	0.829493526	0.276180355	10
p.His87Glu	0.727900861	0.132658439	20
p.His87Ser	0.755789417	0.162279658	10
p.His87Pro	0.70319778	1.279389515	5
p.His87Ile	0.956719997	0.391626842	10
p.His87Phe	0.290745584	0.882031463	5
p.His87Met	0.732187004	0.189124754	5
p.His87Ala	0.530180226	0.48246516	15
p.His87Val	1.348278744	0.348136399	5
p.His87Cys	0.95875282	0.190175703	10
p.His87Asn	0.910435892	0.251849198	15
p.His87Lys	0.617188338	0.184730349	5
p.His87Tyr	1.20919499	0.150953989	5
p.His87Gln	0.419963109	0.488774969	10
p.His87TER	0.701093194	1.024748782	5
p.His87Gly	1.057567895	0.416613528	10
p.His87Thr	0.473438763	0.303890661	5
p.His87Trp	0.626372654	0.182245333	5
p.His87Asp	0.945739491	0.351220191	10
p.Gly99=	0.786338031	0.286234206	15
p.Gly99Arg	0.51298414	0.206110403	10
p.Gly99Glu	0.504247546	0.305674149	15
p.Gly99Ser	0.817607141	0.090976234	5
p.Gly99Pro	0.610737277	0.226024042	5
p.Gly99Ile	1.123242452	0.227158993	5
p.Gly99Phe	0.60833474	0.150564802	5
p.Gly99Met	0.853078483	0.989264301	5
p.Gly99Ala	1.037845866	1.128167806	10
p.Gly99Val	0.44161025	0.998778731	5
p.Gly99Cys	0.485094289	0.117817631	5
p.Gly99Asn	0.699703266	0.626561634	15
p.Gly99Leu	0.947819953	0.113511369	5
p.Gly99Tyr	1.102379655	0.180448141	5
p.Gly99Gln	1.600883434	0.919446155	5
p.Gly99His	0.542278162	0.316961699	10
p.Gly99Thr	0.952108215	0.340728336	5
p.Gly99Trp	0.984685087	0.453383494	5
p.Gly99Asp	0.82434832	0.462048535	10
p.Thr22Arg	0.306398575	0.25690549	10
p.Thr22Glu	0.653118877	0.168150292	5
p.Thr22Ile	0.860005842	0.076301791	5
p.Thr22Phe	1.42408475	1.132271408	5
p.Thr22Met	0.120684295	0.16673211	5
p.Thr22Ala	0.429211552	0.52007968	10
p.Thr22Asn	0.702609083	0.284826171	10
p.Thr22Lys	0.580492835	0.161771889	5
p.Thr22Tyr	0.260893641	0.134134124	5
p.Thr22His	0.365052598	0.78055998	15
p.Thr22TER	0.678271786	0.289242683	10
p.Thr22Trp	0.991147258	0.467272932	5
p.Thr44Arg	0.678022448	0.264358251	5
p.Thr44Glu	0.28509514	0.306469075	15
p.Thr44Ser	0.145299792	0.541780081	5
p.Thr44Pro	1.267570293	0.515589995	5
p.Thr44Ile	0.576584071	0.043751119	5
p.Thr44Phe	0.514666674	0.166813391	5
p.Thr44Met	0.526261014	0.122610306	5
p.Thr44Ala	0.357754835	0.21828726	5
p.Thr44Val	0.836188368	0.197304314	5
p.Thr44Cys	0.614865272	0.150339861	5
p.Thr44Asn	0.552564066	0.298805239	15
p.Thr44Lys	0.799809759	0.2115863	5
p.Thr44Leu	0.873035387	0.122443882	5
p.Thr44Tyr	0.958921783	0.268770405	5
p.Thr44Gln	-0.216654596	0.142585286	5
p.Thr44His	0.380244753	0.320677595	15
p.Thr44TER	0.862449226	0.334992166	10
p.Thr44Gly	0.824850185	0.138770503	5
p.Thr44Trp	0.43289234	0.136139516	5
p.Thr44Asp	0.521253914	0.70793869	10
p.Thr86Arg	-0.084614891	0.326784611	5
p.Thr86Glu	0.206164303	0.129652949	10
p.Thr86Ser	0.489697834	0.668375807	5
p.Thr86Pro	0.086055922	0.194013892	5
p.Thr86Ile	0.797290087	0.062736762	5
p.Thr86Ala	0.500027295	0.305782948	10
p.Thr86Cys	0.685340757	0.203116567	5
p.Thr86Asn	0.720011318	0.303150686	15
p.Thr86Lys	-0.260791723	0.19773301	5
p.Thr86Leu	0.901383542	0.937651144	5
p.Thr86Tyr	0.794499846	0.36034805	5
p.Thr86Gln	0.379892211	0.582661935	10
p.Thr86His	0.236371186	0.364251336	15
p.Thr86TER	0.730237878	0.425576809	10
p.Thr86Gly	0.533217399	0.421934988	10
p.Thr86Trp	0.706457754	1.053573258	5
p.Thr86Asp	0.815285146	0.244381714	5
p.Thr90Arg	0.589920064	0.402510408	10
p.Thr90Glu	1.027879875	0.319371154	15
p.Thr90Ser	1.162996533	1.483572526	5
p.Thr90Ile	0.781358413	0.322813033	10
p.Thr90Met	0.868723938	0.890929347	5
p.Thr90Ala	0.79465805	0.330592227	10
p.Thr90Cys	1.052093859	0.263764528	5
p.Thr90Asn	0.747785867	0.099148491	10
p.Thr90Leu	1.135251317	1.012195757	5
p.Thr90Tyr	0.882973932	0.097155964	5
p.Thr90Gln	1.144023815	0.579545251	10
p.Thr90His	0.513575359	0.377039023	15
p.Thr90TER	0.595987383	0.19752949	10
p.Thr90Gly	1.164415277	0.817843057	5
p.Thr90Asp	1.054238319	0.174863264	10
p.Trp36=	1.518948565	0.855594092	5
p.Trp36Glu	-0.034386178	0.156546167	5
p.Trp36Ser	0.732478886	0.181727487	5
p.Trp36Ile	0.716967524	0.287696405	5
p.Trp36Ala	0.541048482	0.280744525	5
p.Trp36Val	0.47324641	0.16189572	5
p.Trp36Cys	0.548748153	0.206292054	5
p.Trp36Asn	0.147468551	0.241200303	10
p.Trp36Tyr	0.543086748	0.274947356	5
p.Trp36Gln	0.554726237	0.249063733	5
p.Trp36His	0.473067388	0.512071857	15
p.Trp36TER	0.508778652	0.879601532	10
p.Trp36Gly	0.563347726	0.636892353	10
p.Asp41=	0.899698032	0.080840115	10
p.Asp41Arg	0.786991616	0.2922984	10
p.Asp41Glu	0.389741729	0.35246193	10
p.Asp41Ser	0.828665255	0.628441774	5
p.Asp41Pro	0.607693777	0.456980349	5
p.Asp41Ile	0.689506382	0.271823371	5
p.Asp41Met	0.139713155	0.383314612	5
p.Asp41Ala	0.377100021	0.385040068	5
p.Asp41Cys	1.037890895	0.140286604	5
p.Asp41Asn	0.558792524	0.323092173	15
p.Asp41Lys	8.43e-05	0.320120152	5
p.Asp41Leu	0.696170501	0.092769746	5
p.Asp41Tyr	0.931848844	0.291521797	5
p.Asp41Gln	0.691242682	0.19886625	5
p.Asp41His	0.361260271	0.219381068	15
p.Asp41TER	0.861138724	0.242368991	5
p.Asp41Gly	0.5287489	0.89215977	5
p.Asp41Thr	0.364135145	0.197654363	5
p.Asp41Trp	0.836068881	0.541828429	5
p.Asp42=	0.760423086	0.114356401	15
p.Asp42Arg	0.800757509	0.481490159	15
p.Asp42Glu	0.663415153	0.260739814	15
p.Asp42Ser	0.634653388	1.147256706	5
p.Asp42Pro	1.331674452	1.276385192	10
p.Asp42Ile	0.723362142	0.11638862	5
p.Asp42Phe	0.665830172	0.098772921	5
p.Asp42Met	0.670163139	0.817132139	5
p.Asp42Ala	0.951114456	0.399746706	10
p.Asp42Val	0.171638155	0.342813009	5
p.Asp42Cys	0.983223635	0.208202369	10
p.Asp42Asn	0.860441335	0.297660105	20
p.Asp42Lys	2.025609279	1.100507576	5
p.Asp42Leu	1.936440876	0.537337421	5
p.Asp42Tyr	0.753534585	0.095916003	10
p.Asp42Gln	0.317810005	0.459959181	10
p.Asp42His	0.531088304	0.366674507	10
p.Asp42TER	0.553675735	0.522324624	5
p.Asp42Gly	0.236384233	0.141239324	5
p.Asp42Thr	0.654412372	0.103322932	5
p.Asp42Trp	0.69147497	0.129119076	5
p.Asp46=	0.807001188	0.161499184	15
p.Asp46Arg	0.907136501	0.401507803	15
p.Asp46Glu	0.335694326	0.344010649	15
p.Asp46Ser	0.578393481	0.149389589	5
p.Asp46Pro	0.190586439	0.858292809	10
p.Asp46Ile	0.860696565	1.275094329	5
p.Asp46Met	0.219930847	0.262387601	5
p.Asp46Ala	0.718430801	0.191008091	10
p.Asp46Cys	0.493875733	0.219998085	10
p.Asp46Asn	0.804311498	0.158358134	10
p.Asp46Lys	0.184324673	0.577278838	5
p.Asp46Leu	0.294397528	0.246833257	5
p.Asp46Tyr	0.893742597	0.167526106	5
p.Asp46Gln	0.439648633	0.320227563	10
p.Asp46His	0.530369726	0.39717156	15
p.Asp46Thr	0.665910067	0.09835147	5
p.Asp51=	0.937079737	0.123829907	10
p.Asp51Arg	0.342733165	0.304667484	10
p.Asp51Glu	0.273050603	0.317703642	10
p.Asp51Pro	0.481959317	1.16879525	5
p.Asp51Ile	0.928807759	0.260927353	5
p.Asp51Met	0.764411356	0.580351902	5
p.Asp51Ala	0.771700622	0.246236239	10
p.Asp51Val	0.918071357	0.310063521	5
p.Asp51Cys	0.921085822	0.368080972	5
p.Asp51Asn	0.944945153	0.451837662	15
p.Asp51Lys	1.097729573	0.563644261	5
p.Asp51Leu	0.973671791	0.16797128	5
p.Asp51Tyr	0.267450473	0.355961843	5
p.Asp51Gln	0.689300439	0.458696265	10
p.Asp51His	0.482907667	0.391084029	15
p.Asp51Gly	-0.118726213	0.243813959	5
p.Asp51Thr	0.37842662	1.07953874	5
p.Asp51Trp	0.416565048	0.200682228	5
p.Asp62=	0.696445799	0.144471284	15
p.Asp62Arg	0.8231373	0.671414008	10
p.Asp62Glu	0.766106469	0.350848782	5
p.Asp62Pro	0.218044894	0.195051085	10
p.Asp62Ile	0.65736539	0.111844917	5
p.Asp62Phe	1.06033224	0.161603489	5
p.Asp62Ala	0.4546436	0.44036846	10
p.Asp62Cys	0.702796183	0.260906989	10
p.Asp62Asn	1.391299592	0.943209296	20
p.Asp62Tyr	0.692406914	0.140513217	10
p.Asp62Gln	0.960416223	0.370267399	10
p.Asp62His	0.919201284	0.60914538	15
p.Asp62TER	1.33120355	1.337849637	5
p.Asp62Gly	1.522715166	0.605651728	10
p.Asp62Thr	0.411330937	0.127925839	5
p.Asp85=	0.933714592	0.214381015	15
p.Asp85Arg	0.455703603	0.386482774	15
p.Asp85Glu	1.169862979	0.471028527	10
p.Asp85Pro	1.132285734	0.17667071	5
p.Asp85Ile	1.240890672	0.171071292	5
p.Asp85Phe	1.767816138	0.721578438	5
p.Asp85Met	0.80117864	0.248851293	5
p.Asp85Ala	0.60903368	0.20569985	10
p.Asp85Val	2.030608879	1.130848034	5
p.Asp85Cys	0.783053425	0.411356771	10
p.Asp85Asn	0.819269306	0.378453989	20
p.Asp85Lys	0.879066462	0.814251185	5
p.Asp85Leu	0.698746364	0.115129323	5
p.Asp85Tyr	0.748416844	0.395983777	10
p.Asp85Gln	0.600175795	0.374909864	10
p.Asp85His	0.870365739	0.799275946	10
p.Asp85Gly	0.809201564	0.283272551	10
p.Asp85Thr	0.648265472	1.347063666	5
p.Asp85Trp	0.595346969	0.09556393	5
p.Asp96=	0.772896577	0.260104139	15
p.Asp96Arg	0.865534543	0.148718431	10
p.Asp96Glu	0.748558033	0.60206469	15
p.Asp96Ser	1.478074268	0.455721545	5
p.Asp96Pro	0.949377552	0.162719748	5
p.Asp96Ile	0.606753754	0.281064335	5
p.Asp96Phe	0.624191594	0.299657381	5
p.Asp96Met	1.477020062	0.477069584	5
p.Asp96Ala	1.140253138	0.371611903	10
p.Asp96Val	0.896353226	0.224111381	5
p.Asp96Cys	1.601169	0.150875864	5
p.Asp96Asn	0.864401841	0.266884328	15
p.Asp96Lys	0.853432607	0.111403966	5
p.Asp96Leu	0.640729026	0.156471324	5
p.Asp96Tyr	0.495104474	0.081485323	5
p.Asp96Gln	0.735310465	0.292324885	10
p.Asp96His	1.043330201	0.440197999	15
p.Asp96Gly	0.841727185	0.282594608	5
p.Asp96Thr	0.912932021	0.591730955	5
p.Asp96Trp	2.461106845	1.080964431	5
